85220 8.05572 0.999999 -0.98268 0.4534
85225 34.0195 0.999999 0.00465006 -5
85240 16.7154 0.999999 -0.475854 0.470993
85242 11.0537 0.967642 0.964712 0.552419
85278 10.6671 0.988642 -0.822679 0.505684
85281 8.18778 0.993717 0.121545 0.362303
85290 13.5235 0.999969 -0.339493 0.495507
85313 8.53692 0.95693 -0.826523 0.519747
85319 11.2574 0.985944 0.946413 0.387526
85321 42.525 0.997876 0.16049 -5
85351 9.79558 0.956619 0.952594 0.396404
85374 11.2285 0.957585 0.963246 0.437415
85404 9.04397 0.956598 0.90138 0.232053
85414 9.08915 0.966797 -0.386624 0.389503
85492 14.305 0.946922 0.425253 0.584123
85528 9.83175 0.969146 0.985667 0.408447
85531 55.622 0.999242 -0.755875 -5
85532 8.10252 0.995193 0.153272 0.437846
85535 12.4898 0.999999 0.768929 0.434714
85550 12.6927 0.981039 0.95603 0.657398
85554 9.34025 0.967887 0.951376 0.457793
85557 8.13981 0.999998 0.486212 0.291631
85576 9.79997 0.996169 -0.916733 0.602235
85590 11.7835 0.939858 0.954086 0.653225
85686 8.34194 0.994708 -0.465599 0.38632
85696 8.33568 0.947767 0.520871 0.279311
85696 8.13413 0.999992 0.908822 0.254933
85700 8.07321 0.984872 0.947772 0.526748
85736 8.17435 0.998459 -0.806625 0.379337
85737 9.06115 0.958141 0.0423447 0.460963
85751 8.28976 0.958611 -0.667959 0.398045
85755 8.27384 0.975542 0.205817 0.323562
85757 9.00077 0.965117 -0.061312 0.493617
85760 9.97633 0.99754 -0.517516 0.573591
85782 12.6968 0.997821 0.917471 0.523329
85785 9.26199 0.957802 0.306707 0.550779
85793 8.31835 0.959011 -0.0120273 0.522986
85794 9.57214 0.955747 0.582539 0.333088
85837 8.03996 0.959436 -0.510985 0.446376
85857 8.51521 0.947399 0.579365 0.378881
85868 8.78138 0.994787 0.992202 0.410284
85911 8.59955 0.986944 0.947085 0.444831
85941 13.1883 0.998252 0.948924 0.445212
85946 9.3329 0.959678 -0.415819 0.369937
85986 9.416 0.962801 0.926203 0.51226
85991 8.00214 0.993473 0.177201 0.444027
86000 8.12812 0.978281 0.866961 0.391099
86020 10.3366 0.995535 0.970481 0.557606
86044 50.5667 0.961295 -0.901231 -5
86048 10.1763 0.989429 0.85341 0.492174
86048 8.9762 0.954023 -0.777263 0.374344
86060 8.14458 0.988279 0.938835 0.529085
86060 15.1442 0.971904 0.907459 0.704322
86100 12.5415 0.986713 0.999008 0.52173
86240 8.76717 0.994944 -0.402605 0.397528
86260 8.94935 0.956681 -0.406659 0.307267
86273 9.31365 0.97238 -0.936096 0.426204
86274 8.57021 0.961065 -0.770493 0.433482
86280 8.35624 0.971201 -0.962753 0.387363
86298 9.51256 0.96617 0.854366 0.445677
86316 11.0397 0.973293 0.975339 0.378429
86316 12.2969 0.999995 -0.391934 0.526737
86317 8.00663 0.947276 0.0617966 0.387206
86339 10.6218 0.999999 0.446768 0.45686
86354 15.3234 0.959387 0.987468 0.316413
86355 8.43267 0.990814 -0.811901 0.347895
86381 8.07978 0.946012 0.986817 0.354703
86383 10.252 0.943106 0.940611 0.456454
86395 8.41964 0.991742 0.98645 0.677469
86397 8.61909 0.998154 0.921113 0.38419
86413 9.09563 0.943182 0.990572 0.36413
86420 9.86424 0.969697 0.949964 0.342936
86425 35.9298 0.987331 -0.968622 -5
86427 9.0626 0.967786 0.695807 0.477977
86430 10.0873 0.952622 0.868451 0.50839
86454 9.95722 0.959956 0.276985 0.431487
86467 68.7419 0.999428 -0.657204 -5
86473 8.06093 0.937152 -0.906926 0.49067
86482 25.171 0.99998 -0.864686 -5
86527 8.01815 0.981112 -0.305607 0.588423
86529 8.18958 0.984857 -0.407482 0.371749
86535 10.4005 0.989819 0.843401 0.366154
86549 10.8878 0.959423 -0.981116 0.45796
86551 9.72315 0.942934 -0.695412 0.475923
86551 9.8698 0.971879 0.587853 0.547781
86588 8.21313 0.968894 0.964332 0.414937
86596 8.16214 0.955308 -0.815609 0.335071
86596 8.09241 0.982133 -0.521732 0.384354
86599 9.29123 0.991404 -0.249589 0.292687
86603 8.97421 0.968509 0.729659 0.301918
86651 8.12161 0.949626 -0.849233 0.422119
86666 61.1184 0.999992 -0.464493 -5
86726 9.54662 0.967846 0.400869 0.442984
86732 8.27892 0.958545 -0.321626 0.272192
86973 10.5759 0.987781 0.96176 0.494494
87008 8.52369 0.983173 0.992743 0.625673
87073 9.49035 0.939857 -0.513456 0.48841
87079 33.5526 0.996515 -0.646459 -5
87108 9.50708 0.989068 0.903521 0.300316
87115 22.4297 0.999995 -0.8981 0.501829
87130 14.1668 0.966669 -0.466164 0.670625
87133 49.3039 0.987592 -0.370539 -5
87133 9.58406 0.97591 0.486118 0.56877
87212 9.02541 0.960782 0.736258 0.613089
