62874 182287667
63092 41881273
63211 164100518
64830 12507428
64887 26337404
64887 26337404
64887 26337404
65492 145502617
65514 103577968
65514 103577968
65540 11122082
65540 11122082
65961 84658429
66203 204018124
66203 204018124
66587 103831228
66685 53579604
66685 53579604
66765 198969365
66897 230400341
66992 154067986
67068 243590690
67404 29305778
67404 29305778
67404 29305778
67592 184260095
67851 98323292
67851 98323292
67851 98323292
67868 28751774
68056 33686850
68056 33686850
68056 33686850
68093 110904504
68294 100840071
68364 154769194
68366 122071922
68438 122237249
68438 122237249
68440 9182953
68440 9182953
68440 9182953
68527 220665894
68527 220665894
68527 220665894
68581 110161797
68972 135923389
68985 194289553
69051 189946754
69261 67962278
69402 144818741
69403 105427710
69403 105427710
69403 105427710
69449 141934736
69548 211343794
69548 211343794
69548 211343794
69612 239410927
69612 239410927
69612 239410927
69612 239410927
69612 239410927
69688 306661722
69688 306661722
69688 306661722
69803 156409784
70468 68156151
70468 68156151
70701 363140096
70841 45002658
70869 28653935
71342 320615542
71342 320615542
72012 242733122
72067 264032962
72178 408590450
72184 4365856
72184 4365856
72184 4365856
72184 4365856
72364 400559328
72660 98080975
72660 98080975
72660 98080975
72660 98080975
72754 92813308
72768 130058865
72768 130058865
72768 130058865
72798 799660
72798 799660
72851 288825575
72867 30628983
72927 138686817
72927 138686817
72968 135723759
72968 135723759
72968 135723759
72972 89349709
72972 89349709
73073 35410950
73326 106012647
73375 368665186
73375 368665186
73375 368665186
73504 85169879
73504 85169879
73504 85169879
73581 25630558
73581 25630558
73592 258561328
73592 258561328
73592 258561328
73747 130585907
73747 130585907
73982 489401463
74044 167463367
74158 362186
74426 403907506
74426 403907506
74426 403907506
74461 59135809
74461 59135809
74560 162646480
75367 974389714
75484 963618961
75966 259723468
75966 259723468
76188 153143858
76234 406765490
76234 406765490
76234 406765490
76896 513739502
77035 391594501
77035 391594501
77035 391594501
77177 966682989
77334 1160942924
77546 389138436
77546 389138436
77760 850169054
77772 596142290
77772 596142290
77774 1058482068
77879 889532806
77894 418655618
