6.285000000000000000e+04 4.162890000000000157e+01 1.252859320000000000e+08
6.288400000000000000e+04 3.537510000000000332e+01 3.446995000000000000e+07
6.300200000000000000e+04 4.423819999999999908e+01 8.550049000000000000e+07
6.341500000000000000e+04 4.754129999999999967e+01 3.491388100000000000e+07
6.373000000000000000e+04 2.262409999999999854e+01 8.634340000000000000e+05
6.375900000000000000e+04 6.022310000000000230e+01 7.399207200000000000e+07
6.381800000000000000e+04 3.619680000000000319e+01 8.259229000000000000e+07
6.391500000000000000e+04 3.671359999999999957e+01 1.535006770000000000e+08
6.393200000000000000e+04 5.215829999999999700e+01 4.453038400000000000e+07
6.417300000000000000e+04 4.243149999999999977e+01 4.697385200000000000e+07
6.469300000000000000e+04 3.841660000000000252e+01 5.023727000000000000e+06
6.476600000000000000e+04 6.359969999999999857e+01 1.008070080000000000e+08
6.483000000000000000e+04 8.012510000000000332e+01 4.478725200000000000e+07
6.549400000000000000e+04 5.539880000000000138e+01 2.896424000000000000e+06
6.584200000000000000e+04 4.857240000000000180e+01 1.377458700000000000e+08
6.593700000000000000e+04 3.055819999999999936e+01 3.347826700000000000e+07
6.600200000000000000e+04 3.914249999999999829e+01 8.265585200000000000e+07
6.609300000000000000e+04 8.954439999999999600e+01 4.074080800000000000e+07
6.609600000000000000e+04 6.080630000000000024e+01 1.298005040000000000e+08
6.614600000000000000e+04 5.969959999999999667e+01 6.268146000000000000e+06
6.615600000000000000e+04 4.933610000000000184e+01 4.587832000000000000e+07
6.628400000000000000e+04 2.963850000000000051e+01 1.470765500000000000e+07
6.652300000000000000e+04 8.556579999999999586e+01 8.126530600000000000e+07
6.665300000000000000e+04 5.724349999999999739e+01 1.137656000000000000e+07
6.666000000000000000e+04 3.088860000000000028e+01 2.460400890000000000e+08
6.666500000000000000e+04 3.821139999999999759e+01 2.745024620000000000e+08
6.669800000000000000e+04 4.186480000000000246e+01 1.125170610000000000e+08
6.680400000000000000e+04 2.972390000000000043e+01 8.249017000000000000e+07
6.685200000000000000e+04 4.794010000000000105e+01 2.168989900000000000e+07
6.689600000000000000e+04 6.258449999999999847e+01 9.320537200000000000e+07
6.689600000000000000e+04 6.117710000000000292e+01 1.352501370000000000e+08
6.689800000000000000e+04 4.405930000000000035e+01 6.933822800000000000e+07
6.692300000000000000e+04 5.712660000000000338e+01 2.388842530000000000e+08
6.692500000000000000e+04 2.934690000000000154e+01 6.054231300000000000e+07
6.693400000000000000e+04 3.437080000000000268e+01 6.940806000000000000e+06
6.693400000000000000e+04 2.724869999999999948e+01 1.385116280000000000e+08
6.734900000000000000e+04 2.753950000000000031e+01 9.958390000000000000e+05
6.738000000000000000e+04 8.746269999999999811e+01 1.447844610000000000e+08
6.742300000000000000e+04 3.372659999999999769e+01 1.399271200000000000e+07
6.781500000000000000e+04 5.534089999999999776e+01 6.199048300000000000e+07
6.784600000000000000e+04 5.845230000000000103e+01 2.238186580000000000e+08
6.787000000000000000e+04 2.527439999999999998e+01 8.491897100000000000e+07
6.789300000000000000e+04 6.923810000000000286e+01 3.079608000000000000e+06
6.789300000000000000e+04 6.623919999999999675e+01 2.142231620000000000e+08
6.793900000000000000e+04 7.094029999999999347e+01 5.956498800000000000e+07
6.795200000000000000e+04 2.459639999999999915e+01 1.035193140000000000e+08
6.795700000000000000e+04 2.262229999999999919e+01 1.066667240000000000e+08
6.804200000000000000e+04 5.443039999999999878e+01 5.082973700000000000e+07
6.805900000000000000e+04 3.736489999999999867e+01 1.828152670000000000e+08
6.809500000000000000e+04 3.043270000000000053e+01 2.727133010000000000e+08
6.819400000000000000e+04 8.127129999999999654e+01 1.979558790000000000e+08
6.827500000000000000e+04 1.807160000000000011e+01 8.134567700000000000e+07
6.827700000000000000e+04 3.668569999999999709e+01 3.013741900000000000e+07
6.827700000000000000e+04 3.039130000000000109e+01 1.684139550000000000e+08
6.829800000000000000e+04 2.257550000000000168e+01 2.966745700000000000e+07
6.836400000000000000e+04 3.598190000000000310e+01 1.493012900000000000e+08
6.836400000000000000e+04 2.288619999999999877e+01 1.888481650000000000e+08
6.837300000000000000e+04 2.885810000000000031e+01 2.668031600000000000e+07
6.846000000000000000e+04 4.804610000000000269e+01 1.626328060000000000e+08
6.864200000000000000e+04 1.989979999999999905e+01 9.523725500000000000e+07
6.899900000000000000e+04 2.470830000000000126e+01 4.190060300000000000e+07
6.900700000000000000e+04 2.577919999999999945e+01 3.632244940000000000e+08
6.902800000000000000e+04 2.833330000000000126e+01 1.230645090000000000e+08
6.925400000000000000e+04 7.474850000000000705e+01 2.707808780000000000e+08
6.932700000000000000e+04 8.607429999999999382e+01 1.610658990000000000e+08
6.934200000000000000e+04 1.975159999999999982e+01 1.952786780000000000e+08
6.944500000000000000e+04 3.959409999999999741e+01 7.953478000000000000e+06
6.960200000000000000e+04 5.934629999999999939e+01 8.501796900000000000e+07
6.964600000000000000e+04 2.969930000000000092e+01 2.503863550000000000e+08
6.967500000000000000e+04 5.081660000000000110e+01 3.570854540000000000e+08
6.970200000000000000e+04 5.092040000000000077e+01 3.307430330000000000e+08
6.974400000000000000e+04 3.487250000000000227e+01 8.518556000000000000e+06
6.982600000000000000e+04 2.320139999999999958e+01 1.706122850000000000e+08
7.035800000000000000e+04 8.071880000000000166e+01 1.227616740000000000e+08
7.038200000000000000e+04 3.242680000000000007e+01 8.478937400000000000e+07
7.067500000000000000e+04 3.201760000000000161e+01 1.077704590000000000e+08
7.078400000000000000e+04 3.014750000000000085e+01 1.224066550000000000e+08
7.079700000000000000e+04 5.798400000000000176e+01 1.147471230000000000e+08
7.084800000000000000e+04 5.162590000000000146e+01 1.049405000000000000e+06
7.091600000000000000e+04 1.683650000000000091e+01 6.676000300000000000e+07
7.091600000000000000e+04 5.865559999999999974e+01 1.872045910000000000e+08
7.093800000000000000e+04 3.112559999999999860e+01 2.889760300000000000e+08
7.106200000000000000e+04 7.319419999999999504e+01 4.382631300000000000e+07
7.112400000000000000e+04 4.346580000000000155e+01 1.768365810000000000e+08
7.112700000000000000e+04 7.430020000000000380e+01 1.503613500000000000e+07
7.133600000000000000e+04 6.005919999999999703e+01 2.801633120000000000e+08
7.141900000000000000e+04 3.347059999999999746e+01 2.549379070000000000e+08
7.145200000000000000e+04 5.718480000000000274e+01 2.342114220000000000e+08
7.145300000000000000e+04 8.914900000000000091e+01 2.741276640000000000e+08
7.145700000000000000e+04 8.360030000000000427e+01 3.383253060000000000e+08
7.182500000000000000e+04 4.051859999999999928e+01 8.952680900000000000e+07
7.184700000000000000e+04 8.488500000000000512e+01 2.656713060000000000e+08
7.184800000000000000e+04 2.276109999999999900e+01 2.797850200000000000e+07
7.189000000000000000e+04 3.216559999999999775e+01 2.117583170000000000e+08
7.189200000000000000e+04 3.384040000000000248e+01 1.734181030000000000e+08
7.189800000000000000e+04 8.672400000000000375e+01 1.705335730000000000e+08
7.191100000000000000e+04 7.111870000000000402e+01 2.761367900000000000e+08
7.196100000000000000e+04 3.723169999999999646e+01 1.347033790000000000e+08
7.201300000000000000e+04 6.260880000000000223e+01 1.375830610000000000e+08
7.204500000000000000e+04 4.565559999999999974e+01 1.013173390000000000e+08
7.210500000000000000e+04 8.683790000000000475e+01 2.736724600000000000e+08
7.212800000000000000e+04 6.806289999999999907e+01 4.399785900000000000e+07
7.217100000000000000e+04 2.255189999999999984e+01 3.591378400000000000e+07
7.217700000000000000e+04 5.814000000000000057e+01 3.785338100000000000e+08
7.223100000000000000e+04 3.193410000000000082e+01 1.923584830000000000e+08
7.225100000000000000e+04 3.617620000000000147e+01 1.120532020000000000e+08
7.231800000000000000e+04 7.615879999999999939e+01 4.269766090000000000e+08
7.232200000000000000e+04 4.376230000000000331e+01 3.031817200000000000e+07
7.236300000000000000e+04 5.066029999999999944e+01 2.066079030000000000e+08
7.239700000000000000e+04 3.972879999999999967e+01 2.199241700000000000e+07
7.240300000000000000e+04 5.086820000000000164e+01 1.142730400000000000e+08
7.241300000000000000e+04 2.773489999999999966e+01 3.390510620000000000e+08
7.241400000000000000e+04 3.213300000000000267e+01 3.074393510000000000e+08
7.262500000000000000e+04 3.166649999999999920e+01 2.419513420000000000e+08
7.264000000000000000e+04 7.545380000000000109e+01 2.747945200000000000e+08
7.265600000000000000e+04 4.813259999999999650e+01 2.398244830000000000e+08
7.273100000000000000e+04 3.359129999999999683e+01 2.309267180000000000e+08
7.275000000000000000e+04 2.233999999999999986e+01 2.731061250000000000e+08
7.278800000000000000e+04 3.550889999999999702e+01 1.984727180000000000e+08
7.284800000000000000e+04 7.505240000000000578e+01 2.074575070000000000e+08
7.286600000000000000e+04 6.824039999999999395e+01 4.284540000000000000e+06
7.286900000000000000e+04 2.440429999999999922e+01 6.555757800000000000e+07
7.297800000000000000e+04 6.747110000000000696e+01 1.014759840000000000e+08
7.299600000000000000e+04 5.744270000000000209e+01 2.361894000000000000e+06
7.303100000000000000e+04 3.311359999999999815e+01 2.031939100000000000e+08
7.303200000000000000e+04 2.992490000000000094e+01 3.703220500000000000e+07
7.304400000000000000e+04 8.964069999999999538e+01 3.299539130000000000e+08
7.307400000000000000e+04 7.333960000000000434e+01 1.601776170000000000e+08
7.307500000000000000e+04 4.981260000000000332e+01 2.874880960000000000e+08
7.312800000000000000e+04 3.049380000000000024e+01 2.578069000000000000e+08
7.329100000000000000e+04 4.327380000000000138e+01 4.242741050000000000e+08
7.329200000000000000e+04 2.844369999999999976e+01 1.661499150000000000e+08
7.333800000000000000e+04 2.115050000000000097e+01 4.383792370000000000e+08
7.336900000000000000e+04 5.875200000000000244e+01 8.610045200000000000e+07
7.337000000000000000e+04 3.698409999999999798e+01 3.686189900000000000e+08
7.337100000000000000e+04 2.247019999999999840e+01 3.977751440000000000e+08
7.340400000000000000e+04 3.701870000000000260e+01 1.745821710000000000e+08
7.346900000000000000e+04 4.198940000000000339e+01 2.761581260000000000e+08
7.351500000000000000e+04 1.826190000000000069e+01 9.179813700000000000e+07
7.352700000000000000e+04 3.248069999999999879e+01 2.471088260000000000e+08
7.353600000000000000e+04 4.555340000000000344e+01 4.177160750000000000e+08
7.353700000000000000e+04 6.940810000000000457e+01 3.839433840000000000e+08
7.359100000000000000e+04 3.174830000000000041e+01 3.540426940000000000e+08
7.360900000000000000e+04 2.154400000000000048e+01 3.173604170000000000e+08
7.384400000000000000e+04 1.894569999999999865e+01 1.807699240000000000e+08
7.390100000000000000e+04 4.521770000000000067e+01 8.349202670000000000e+08
7.394400000000000000e+04 4.105530000000000257e+01 8.147869420000000000e+08
7.395300000000000000e+04 4.476670000000000016e+01 3.947209220000000000e+08
7.413100000000000000e+04 2.476820000000000022e+01 1.906334300000000000e+07
7.414600000000000000e+04 3.618079999999999785e+01 1.527649230000000000e+08
7.415100000000000000e+04 3.597899999999999920e+01 4.170382230000000000e+08
7.415900000000000000e+04 4.467690000000000339e+01 4.902098210000000000e+08
7.420900000000000000e+04 3.734429999999999694e+01 6.129610390000000000e+08
7.421100000000000000e+04 5.855899999999999750e+01 1.046524281000000000e+09
7.427300000000000000e+04 7.814010000000000389e+01 9.268875040000000000e+08
7.437300000000000000e+04 3.982489999999999952e+01 1.921265220000000000e+08
7.438900000000000000e+04 2.782979999999999876e+01 1.965658540000000000e+08
7.439100000000000000e+04 6.961809999999999832e+01 5.595025680000000000e+08
7.442300000000000000e+04 3.555169999999999675e+01 6.371508980000000000e+08
7.442400000000000000e+04 2.681830000000000069e+01 1.373707600000000000e+08
7.443700000000000000e+04 4.099210000000000065e+01 1.229055480000000000e+08
7.444200000000000000e+04 3.373940000000000339e+01 8.901893500000000000e+08
7.446200000000000000e+04 4.614390000000000214e+01 1.944301310000000000e+08
7.448300000000000000e+04 4.344689999999999941e+01 3.039063270000000000e+08
7.458600000000000000e+04 2.661029999999999873e+01 1.422965250000000000e+08
7.459100000000000000e+04 5.127040000000000219e+01 4.520620300000000000e+07
7.460500000000000000e+04 2.876150000000000162e+01 1.543770520000000000e+08
7.460900000000000000e+04 3.966080000000000183e+01 4.143326160000000000e+08
7.470300000000000000e+04 3.151480000000000103e+01 2.179102200000000000e+07
7.472900000000000000e+04 6.116479999999999961e+01 1.039699596000000000e+09
7.474100000000000000e+04 3.494539999999999935e+01 9.946211600000000000e+07
7.475500000000000000e+04 1.982120000000000104e+01 8.747052590000000000e+08
7.526200000000000000e+04 2.006810000000000116e+01 8.490727460000000000e+08
7.531900000000000000e+04 3.735249999999999915e+01 1.889537970000000000e+08
7.532300000000000000e+04 1.878000000000000114e+01 9.951189440000000000e+08
7.536900000000000000e+04 8.983450000000000557e+01 2.065929780000000000e+08
7.545100000000000000e+04 7.387170000000000414e+01 8.218995050000000000e+08
7.547000000000000000e+04 5.720009999999999906e+01 4.607865760000000000e+08
7.548100000000000000e+04 7.416230000000000189e+01 3.854671600000000000e+07
7.548300000000000000e+04 2.758020000000000138e+01 5.694062830000000000e+08
7.548400000000000000e+04 5.900339999999999918e+01 2.426872430000000000e+08
7.562500000000000000e+04 2.739480000000000004e+01 4.059033580000000000e+08
7.562900000000000000e+04 6.208370000000000033e+01 8.772211740000000000e+08
7.564600000000000000e+04 2.557689999999999841e+01 9.058535150000000000e+08
7.568000000000000000e+04 3.797449999999999903e+01 3.120241460000000000e+08
7.568400000000000000e+04 8.070919999999999561e+01 1.152936280000000000e+09
7.569800000000000000e+04 1.982509999999999906e+01 7.287807950000000000e+08
7.588700000000000000e+04 4.385490000000000066e+01 2.505274650000000000e+08
7.605400000000000000e+04 4.156510000000000105e+01 2.250813370000000000e+08
7.617400000000000000e+04 2.741649999999999920e+01 2.437782700000000000e+07
7.618800000000000000e+04 4.723570000000000135e+01 1.124799378000000000e+09
7.691900000000000000e+04 3.568659999999999854e+01 2.680328500000000000e+07
7.701500000000000000e+04 3.861299999999999955e+01 2.978609100000000000e+08
7.709000000000000000e+04 3.018230000000000146e+01 5.702032170000000000e+08
7.709300000000000000e+04 4.753190000000000026e+01 1.187419555000000000e+09
7.709400000000000000e+04 4.424889999999999901e+01 7.084681700000000000e+08
7.717900000000000000e+04 4.717040000000000077e+01 3.200379010000000000e+08
7.723900000000000000e+04 7.942079999999999984e+01 1.152783031000000000e+09
7.726300000000000000e+04 8.474970000000000425e+01 9.271222100000000000e+08
7.744200000000000000e+04 5.426599999999999824e+01 1.875047960000000000e+08
7.756000000000000000e+04 4.179590000000000316e+01 7.895212860000000000e+08
7.757400000000000000e+04 2.982319999999999993e+01 5.574004700000000000e+08
7.758500000000000000e+04 1.998039999999999949e+01 7.661255500000000000e+08
7.777900000000000000e+04 3.052749999999999986e+01 9.134697400000000000e+08
7.778500000000000000e+04 4.842889999999999873e+01 1.192032076000000000e+09
7.786600000000000000e+04 2.085290000000000177e+01 9.032916330000000000e+08
7.787000000000000000e+04 6.085960000000000036e+01 5.337819080000000000e+08
7.790100000000000000e+04 4.245259999999999678e+01 5.624213060000000000e+08
7.794400000000000000e+04 8.529219999999999402e+01 1.146234894000000000e+09
7.795200000000000000e+04 4.555230000000000246e+01 1.083787989000000000e+09
