62850 41.6289 125285932
62884 35.3751 34469950
63002 44.2382 85500490
63415 47.5413 34913881
63725 21.4216 54464829
63730 22.6241 863434
63759 60.2231 73992072
63818 36.1968 82592290
63915 36.7136 153500677
63932 52.1583 44530384
64173 42.4315 46973852
64693 38.4166 5023727
64766 63.5997 100807008
64830 80.1251 44787252
65494 55.3988 2896424
65842 48.5724 137745870
65937 30.5582 33478267
66002 39.1425 82655852
66093 89.5444 40740808
66096 60.8063 129800504
66146 59.6996 6268146
66156 49.3361 45878320
66284 29.6385 14707655
66523 85.5658 81265306
66653 57.2435 11376560
66660 30.8886 246040089
66665 38.2114 274502462
66698 41.8648 112517061
66804 29.7239 82490170
66852 47.9401 21689899
66896 62.5845 93205372
66896 61.1771 135250137
66898 44.0593 69338228
66923 57.1266 238884253
66925 29.3469 60542313
66934 34.3708 6940806
66934 27.2487 138511628
67349 27.5395 995839
67380 87.4627 144784461
67423 33.7266 13992712
67815 55.3409 61990483
67846 58.4523 223818658
67870 25.2744 84918971
67893 69.2381 3079608
67893 66.2392 214223162
67939 70.9403 59564988
67952 24.5964 103519314
67957 22.6223 106666724
68042 54.4304 50829737
68059 37.3649 182815267
68095 30.4327 272713301
68194 81.2713 197955879
68275 18.0716 81345677
68277 36.6857 30137419
68277 30.3913 168413955
68298 22.5755 29667457
68364 35.9819 149301290
68364 22.8862 188848165
68373 28.8581 26680316
68460 48.0461 162632806
68642 19.8998 95237255
68999 24.7083 41900603
69007 25.7792 363224494
69028 28.3333 123064509
69254 74.7485 270780878
69327 86.0743 161065899
69342 19.7516 195278678
69445 39.5941 7953478
69602 59.3463 85017969
69646 29.6993 250386355
69675 50.8166 357085454
69702 50.9204 330743033
69744 34.8725 8518556
69826 23.2014 170612285
70358 80.7188 122761674
70382 32.4268 84789374
70602 22.9162 247421322
70675 32.0176 107770459
70784 30.1475 122406655
70797 57.984 114747123
70848 51.6259 1049405
70916 16.8365 66760003
70916 58.6556 187204591
70938 31.1256 288976030
71062 73.1942 43826313
71124 43.4658 176836581
71127 74.3002 15036135
71336 60.0592 280163312
71419 33.4706 254937907
71452 57.1848 234211422
71453 89.149 274127664
71457 83.6003 338325306
71825 40.5186 89526809
71847 84.885 265671306
71848 22.7611 27978502
71890 32.1656 211758317
71892 33.8404 173418103
71898 86.724 170533573
71911 71.1187 276136790
71961 37.2317 134703379
72013 62.6088 137583061
72045 45.6556 101317339
72105 86.8379 273672460
72128 68.0629 43997859
72171 22.5519 35913784
72177 58.14 378533810
72231 31.9341 192358483
72251 36.1762 112053202
72318 76.1588 426976609
72322 43.7623 30318172
72363 50.6603 206607903
72397 39.7288 21992417
72403 50.8682 114273040
72413 27.7349 339051062
72414 32.133 307439351
72625 31.6665 241951342
72640 75.4538 274794520
72656 48.1326 239824483
72731 33.5913 230926718
72750 22.34 273106125
72788 35.5089 198472718
72848 75.0524 207457507
72866 68.2404 4284540
72869 24.4043 65557578
72978 67.4711 101475984
72996 57.4427 2361894
73031 33.1136 203193910
73032 29.9249 37032205
73044 89.6407 329953913
73074 73.3396 160177617
73075 49.8126 287488096
73128 30.4938 257806900
73291 43.2738 424274105
73292 28.4437 166149915
73338 21.1505 438379237
73369 58.752 86100452
73370 36.9841 368618990
73371 22.4702 397775144
73404 37.0187 174582171
73469 41.9894 276158126
73515 18.2619 91798137
73527 32.4807 247108826
73536 45.5534 417716075
73537 69.4081 383943384
73591 31.7483 354042694
73609 21.544 317360417
73844 18.9457 180769924
73901 45.2177 834920267
73944 41.0553 814786942
73953 44.7667 394720922
74131 24.7682 19063343
74146 36.1808 152764923
74151 35.979 417038223
74159 44.6769 490209821
74209 37.3443 612961039
74211 58.559 1046524281
74273 78.1401 926887504
74373 39.8249 192126522
74389 27.8298 196565854
74391 69.6181 559502568
74423 35.5517 637150898
74424 26.8183 137370760
74437 40.9921 122905548
74442 33.7394 890189350
74462 46.1439 194430131
74483 43.4469 303906327
74586 26.6103 142296525
74591 51.2704 45206203
74605 28.7615 154377052
74609 39.6608 414332616
74703 31.5148 21791022
74729 61.1648 1039699596
74741 34.9454 99462116
74755 19.8212 874705259
75262 20.0681 849072746
75319 37.3525 188953797
75323 18.78 995118944
75369 89.8345 206592978
75451 73.8717 821899505
75470 57.2001 460786576
75481 74.1623 38546716
75483 27.5802 569406283
75484 59.0034 242687243
75625 27.3948 405903358
75629 62.0837 877221174
75646 25.5769 905853515
75680 37.9745 312024146
75684 80.7092 1152936280
75698 19.8251 728780795
75887 43.8549 250527465
76054 41.5651 225081337
76174 27.4165 24377827
76188 47.2357 1124799378
76919 35.6866 26803285
77015 38.613 297860910
77090 30.1823 570203217
77093 47.5319 1187419555
77094 44.2489 708468170
77179 47.1704 320037901
77239 79.4208 1152783031
77263 84.7497 927122210
77344 17.9356 594082888
77442 54.266 187504796
77560 41.7959 789521286
77574 29.8232 557400470
77585 19.9804 766125550
77779 30.5275 913469740
77785 48.4289 1192032076
77866 20.8529 903291633
77870 60.8596 533781908
77901 42.4526 562421306
77944 85.2922 1146234894
77952 45.5523 1083787989
