62392 79.9184 166538451
62428 74.4127 81062205
62430 80.6357 10022242
62431 52.7648 205271455
62434 86.1234 17817682
62674 22.663 216873118
62738 49.4991 12885316
62842 34.6161 124623475
62844 89.2394 87047571
62844 67.5058 90532628
62870 18.2136 240538707
62874 17.7415 182287667
62930 48.1778 48900264
62972 36.1383 196420130
62999 68.7226 20569000
63083 53.7633 148802168
63092 18.552 41881273
63194 29.8508 165854814
63203 45.5847 18769482
63211 17.3505 164100518
63276 37.5667 38938861
63288 29.9227 1628577
63386 26.1416 64051297
63388 24.4885 67086676
63759 80.4802 19612268
63765 37.372 9918818
63813 58.9864 38952361
63821 25.0733 132199999
63920 62.1276 212236520
63921 41.677 164032498
63928 58.7172 116792241
63932 76.7508 16866429
63945 40.8436 111198434
64084 32.1835 152916436
64087 67.333 35247821
64114 50.6209 19647029
64174 42.8957 14989624
64279 46.7856 192066634
64290 43.8778 67771427
64320 47.7944 16265227
64375 73.9466 138196960
64558 52.5884 132366102
64664 60.8645 113699008
64664 17.6697 168040327
64665 63.9446 75516655
64789 59.3344 36580469
64828 60.0314 151330286
64830 16.8478 12507428
64832 22.7136 55203743
64832 38.1976 125327293
64863 53.0995 67338879
64887 20.4845 26337404
64887 22.6518 65634266
65408 27.6873 29357281
65465 33.1386 219886569
65492 18.6437 145502617
65494 78.5764 93228044
65514 16.3578 103577968
65516 49.2098 6253932
65540 23.1667 11122082
65674 30.2412 53415070
65729 85.5281 14688543
65772 26.1408 183523896
65773 88.8129 7532084
65874 27.778 38804365
65927 55.4512 137817941
65961 18.6541 84658429
65964 18.7499 4054801
66037 34.5384 120151906
66092 57.9496 207302315
66149 51.3032 61404002
66151 31.6983 24540397
66156 66.3167 115631912
66163 82.6406 248539854
66186 32.5515 52085589
66192 53.8772 17607662
66203 16.3804 204018124
66260 25.0386 45643761
66274 44.4285 224309400
66277 45.6897 227605782
66439 42.2387 23309168
66463 21.4935 63818440
66467 62.7701 103858119
66499 50.0029 106217979
66572 43.2429 67061378
66579 89.8526 187926557
66587 19.644 103831228
66591 85.1448 106628023
66608 45.4785 32461479
66612 47.985 109984765
66665 28.3087 70497105
66685 17.1973 53579604
66695 35.9949 177047372
66725 45.4324 160883271
66765 17.452 198969365
66794 46.5635 20654403
66896 28.8255 244393610
66897 17.0398 230400341
66917 41.0876 223886866
66924 58.5888 21817011
66924 33.4922 54757737
66935 86.943 15106476
66936 32.7057 125842003
66955 76.6398 176193147
66968 32.1701 76545642
66971 88.2682 176326369
66992 16.3034 154067986
67063 36.7083 6910615
67068 16.3169 243590690
67077 46.7034 192685693
67078 64.5711 166633348
67382 56.7669 78199989
67385 31.0719 333056736
67404 23.1888 29305778
67409 42.1527 154881929
67429 63.9451 164917545
67566 43.3068 138547454
67592 18.9366 184260095
67599 33.4178 326782
67782 89.5679 63514854
67836 46.041 108029875
67837 65.9876 56405307
67851 18.8667 98323292
67868 16.1941 28751774
67885 77.9891 172331482
67899 38.2348 129157104
67910 23.5978 127147447
67920 79.2461 83578567
67921 80.5104 5372150
67927 38.2737 53996922
67949 30.6267 58953755
67954 86.4111 114804937
68015 55.954 77756027
68048 38.6416 2890316
68048 36.3729 137887439
68056 20.0815 33686850
68093 17.8034 110904504
68093 16.8849 123225896
68102 41.8214 25371951
68102 87.7909 91667324
68120 19.6433 32644123
68120 69.4501 48706080
68136 52.9506 239025211
68205 18.4909 112970931
68212 44.3267 68537655
68240 41.1668 208835929
68256 34.811 164753130
68270 44.0184 64513159
68270 32.7487 223551744
68273 24.6034 189344627
68294 18.1566 100840071
68364 50.5863 105438902
68364 16.5561 154769194
68366 17.3825 122071922
68405 43.7522 42118488
68416 40.1468 159612801
68417 42.7166 35087419
68423 85.5752 5310755
68424 45.058 34830579
68426 37.9405 146825546
68438 19.3254 122237249
68440 19.0735 9182953
68487 45.9989 245236524
68491 23.9448 123046261
68492 60.4911 185995985
68518 71.3251 101478948
68527 19.0967 220665894
68528 27.7624 214268002
68530 44.3973 123674646
68530 20.5389 246296666
68548 79.5709 50670576
68553 84.1682 64644660
68581 16.6793 110161797
68636 17.458 143030100
68642 33.0548 209984883
68763 55.3047 162322683
68765 58.429 138571811
68883 37.0076 208981925
68883 48.7137 212927438
68972 19.1003 135923389
68985 23.463 194289553
69015 28.3277 214863895
69033 69.9944 6574890
69034 30.1847 48272424
69051 22.0673 189946754
69051 32.0901 236334849
69071 76.1794 79514138
69080 30.0884 175931961
69092 86.523 32939901
69092 53.0456 215959352
69161 39.8488 68404991
69261 19.064 67962278
69264 52.76 244877989
69369 45.6412 25710741
69382 64.3795 189051088
69387 82.0293 145535756
69398 16.5561 875426
69402 20.1452 144818741
69403 20.0068 105427710
69433 39.9055 137581059
69449 19.5435 141934736
69486 47.7423 108965871
69548 19.3195 211343794
69612 20.2433 239410927
69613 37.512 52596481
69624 76.4652 7197213
69625 35.3654 310503714
69641 47.2968 122188442
69647 40.9111 73600371
69675 44.9293 279409095
69688 20.3023 306661722
69689 32.1045 177064878
69715 36.0031 87437604
69725 53.0111 270675687
69736 20.1263 133120658
69739 86.8375 16501677
69745 81.6228 76597892
69745 77.8298 350150852
69760 36.1517 165517883
69772 33.1853 167124310
69779 24.2591 169014021
69779 21.8257 302779960
69798 65.9418 110357544
69803 18.5152 156409784
69809 36.6082 270087560
69822 48.2776 68736797
69859 36.6141 2425893
70176 35.0995 51257276
70191 42.1689 56522404
70295 74.7024 1995601
70313 40.0049 169163705
70329 34.2862 297085980
70390 79.5442 266495301
70392 46.1363 12489233
70468 16.5333 68156151
70500 39.4101 203553755
70613 76.8149 66796214
70656 37.4221 253013183
70666 61.0541 93399392
70674 81.6229 246357482
70697 42.2957 337656138
70701 31.9755 330935409
70701 18.6555 363140096
70717 43.1059 73398732
70729 44.184 45007628
70734 95.5804 148630480
70746 34.9701 36184650
70746 41.8646 302736267
70839 41.5547 95188666
70841 17.5192 45002658
70843 48.5984 53331002
70845 20.0275 30714759
70855 42.4642 228728680
70856 25.8205 47398040
70863 66.6675 338040273
70869 19.942 28653935
70877 27.8977 131165407
70877 46.3981 253736974
70880 36.5161 67844242
70914 39.5717 141234641
70920 40.1326 269710967
70984 48.3761 100097409
70985 43.3634 170264080
70985 56.074 260007559
70988 54.4418 89776935
71060 81.0473 222899391
71062 80.7758 37338671
71155 65.7275 366293703
71241 27.867 297599584
71243 85.3516 359930492
71246 74.663 307770542
71311 79.2379 131653819
71321 43.1266 21332866
71342 16.9763 320615542
71343 42.2339 78869391
71414 18.5384 202600268
71452 26.2466 205480711
71482 60.3846 265348233
71484 42.4389 358169927
71821 50.3481 179962071
71826 19.9021 90267887
71839 73.6783 322159650
71847 71.2173 248283445
71850 50.2086 2213199
71854 69.4893 87372345
71855 49.8785 123016854
71866 47.3485 26097466
71884 32.1153 127794938
71886 27.9403 3808577
71899 51.1949 218396138
71957 78.1584 345873715
71960 63.8877 293064049
72012 16.3832 242733122
72012 47.3414 325967848
72033 87.6696 39410660
72053 58.1431 52670164
72067 16.179 264032962
72073 56.8608 103176522
72105 30.9813 186949257
72151 39.3254 278352669
72155 25.7739 9423102
72165 70.6972 374755841
72176 46.6744 411195414
72178 20.0324 408590450
72184 20.3068 4365856
72214 55.227 51744504
72227 25.9157 16074441
72240 63.6555 61039114
72261 30.5179 305032634
72280 49.4022 105226872
72280 29.5686 183073892
72306 72.1979 382371340
72308 88.6852 320239228
72308 33.2245 341007294
72319 30.6963 65558261
72322 55.4546 2514914
72364 23.9452 400559328
72369 56.0788 435612247
72373 79.131 330938839
72375 40.3838 35984537
72391 29.7297 127654753
72391 32.8022 191933620
72419 48.5011 35431130
72476 31.5511 260333002
72501 26.4655 152860825
72504 51.542 38103382
72557 71.1895 285247831
72569 97.3639 69333893
72569 98.0735 269113281
72634 20.7107 74773972
72660 18.0156 98080975
72667 56.6473 378586744
72729 31.0699 205530125
72732 29.2864 293156863
72754 17.525 92813308
72754 28.2636 316706301
72758 53.6588 10321812
72767 88.4611 149530554
72768 19.1702 130058865
72769 22.3133 210546625
72773 40.3116 131728625
72788 34.2037 98364011
72796 34.5104 59225913
72798 18.2129 799660
72829 66.0424 61809659
72829 80.1169 73755134
72830 66.223 27289277
72851 17.1853 288825575
72852 44.2633 78363780
72855 34.5202 350524594
72867 16.1424 30628983
72895 48.2392 356813786
72904 36.5586 325407246
72927 18.8441 138686817
72968 42.5807 1933751
72968 18.0467 135723759
72972 16.4206 89349709
72977 41.8261 334356448
72989 70.4885 86367388
73000 36.804 40592858
73003 55.9632 41590637
73032 44.3348 112996916
73035 50.9796 236957129
73073 16.0418 35410950
73073 30.9798 54129186
73086 88.0773 259919854
73221 50.9736 259042505
73223 65.7487 63522937
73238 22.9525 144445169
73239 34.7505 106254516
73244 24.2993 201353830
73260 28.6397 384610178
73263 21.3352 414145992
73323 17.7243 270536861
73326 16.5656 106012647
73329 29.745 221141776
73331 16.1859 185171763
73332 78.5354 132498252
73338 32.6612 83120285
73346 82.3824 63568177
73365 47.3046 264173842
73369 38.4635 291877168
73372 24.8448 212191371
73375 18.1225 368665186
73404 31.7567 256987496
73430 39.5709 100734468
73432 38.4749 100052431
73446 34.3267 210078421
73463 26.7498 45928046
73478 83.2238 247503864
73492 23.5808 124328720
73504 19.1928 85169879
73505 44.2733 321223780
73507 50.9116 246353214
73509 45.6768 428768314
73525 46.0705 189875495
73529 41.8037 85161742
73542 38.2892 12844870
73545 56.3421 263656848
73546 54.006 26461775
73568 64.5466 119332910
73581 16.2915 25630558
73592 20.3336 258561328
73604 46.4578 599521467
73628 36.9515 478171487
73634 41.8856 475990963
73647 23.6656 383389456
73651 29.1446 405016805
73660 22.3919 331873658
73667 51.2354 1018278566
73704 85.159 800864135
73709 87.2857 160095129
73733 41.386 166332713
73741 19.6924 34456343
73747 44.9791 16607094
73747 16.3451 130585907
73749 42.755 87587423
73836 31.7188 560209908
73839 42.0707 388231991
73885 28.2364 461905475
73888 81.1122 425289154
73893 70.2314 512002762
73898 69.7713 814054179
73902 55.0044 86048467
73903 88.2013 605313436
73911 16.321 429111732
73932 74.0338 80578659
73945 73.5204 244995445
73953 89.2291 407305
73982 16.046 489401463
74027 88.6163 161474518
74044 16.6635 167463367
74053 20.6735 248854295
74056 60.06 919020609
74131 62.201 49499745
74132 34.4886 835174226
74149 28.826 782162218
74153 56.4611 69666433
74156 17.04 141927626
74157 36.7444 491549143
74158 16.3717 362186
74159 43.9349 349388300
74162 62.9002 551159925
74163 43.8706 320318832
74175 31.1475 93006988
74177 28.9426 328227406
74188 72.4542 443858465
74205 52.7655 135327724
74219 43.8339 134318808
74224 28.2283 996935613
74226 45.1225 238600854
74240 19.8534 224861338
74247 25.7306 40477249
74248 64.6521 921928196
74252 30.6504 551885354
74264 16.9544 1009801133
74366 20.4427 248033205
74397 44.5053 499454809
74415 22.5399 116612534
74419 54.1316 225034990
74422 35.6461 655942182
74422 19.8119 932814772
74426 19.7135 403907506
74434 42.8541 245618661
74446 88.9963 632301160
74461 16.1285 59135809
74466 18.399 667984601
74468 27.9367 502867155
74483 54.5793 126745963
74484 47.523 12278832
74484 38.7323 777342968
74549 43.9236 716056818
74553 48.1632 942858859
74560 16.2431 162646480
74561 28.9365 278413606
74577 40.0502 436548501
74601 34.7351 564588067
74610 33.6106 464189144
74687 18.8652 673964787
74690 88.4761 307347422
74729 83.798 838016809
74733 36.1806 923674393
74735 49.5759 722540351
74737 23.199 551523150
74747 72.5557 1751941
74753 27.411 991839243
74756 33.1559 110388151
74756 27.702 816665676
75216 16.6817 889933396
75239 46.3797 1054791712
75253 42.0044 572256761
75257 26.6656 527795953
75262 18.5882 742979687
75277 22.3007 375437897
75319 53.3137 779987032
75340 22.9255 380789630
75366 29.2167 43704789
75367 17.2706 974389714
75385 29.3101 905848934
75387 33.1471 152300144
75401 82.548 236180941
75401 63.045 1057639708
75438 46.7677 542682063
75448 55.9897 578431561
75467 46.9515 81622281
75470 20.1106 90288748
75474 18.971 1010470408
75477 59.8591 686462453
75477 66.72 748305212
75478 29.6994 248556044
75484 16.6716 963618961
75551 45.8259 288842255
75552 68.9509 599334897
75597 80.4787 658813883
75610 25.9914 1064930972
75611 79.8451 1062149888
75629 32.9052 1170388358
75650 74.4798 200234277
75684 86.8566 1120828440
75686 27.1881 241826471
75687 57.0937 974196022
75696 45.3281 781087355
75699 22.858 884409180
75712 79.2795 630403911
75737 48.4396 779882537
75749 16.8477 234534788
75759 78.5219 715369756
75760 44.9828 411002451
75762 26.9267 728332033
75771 63.472 1198782348
75773 89.2994 1211258146
75792 43.9469 29443079
75870 43.3425 459830952
75870 33.6049 747498724
75878 52.1345 501003230
75887 39.6766 238976832
75892 36.8482 388281804
75918 39.7028 305520572
75920 77.1285 195366849
75924 82.84 771687934
75928 55.6576 1142687040
75947 54.0575 919316290
75966 16.827 259723468
76018 49.713 704485734
76055 40.2933 288735196
76055 54.6429 961622559
76058 31.8299 957724376
76098 82.3579 750622072
76188 16.761 153143858
76188 34.6251 206609938
76188 49.4689 708000710
76232 71.117 132575065
76234 17.0041 406765490
76673 22.3624 80499271
76734 40.522 437068568
76797 34.4518 28770330
76896 16.2106 513739502
76897 54.4131 449954279
76897 78.1971 605338513
76900 52.7108 1005193698
76903 51.7634 762757686
77035 18.5288 391594501
77042 44.2882 28290209
77092 51.1687 303647801
77092 59.5286 1043814699
77103 44.7053 12103126
77107 37.5018 675145870
77109 39.4642 108487515
77150 28.5064 533848610
77176 84.8748 991750304
77177 18.8854 966682989
77218 30.2422 130378408
77235 51.8529 878674113
77263 54.1275 308532755
77334 16.0732 1160942924
77335 88.4488 181354141
77344 34.6213 245372024
77345 52.8896 215709860
77428 64.9234 648136150
77466 41.4704 29065652
77466 72.0853 916511651
77474 40.5671 301552137
77520 84.1741 874181352
77526 31.9833 145144207
77529 61.1557 612861348
77546 53.3362 80823288
77546 16.5422 389138436
77557 40.1745 297133810
77574 37.82 746917432
77584 58.4195 1146895867
77715 65.1703 94080723
77760 16.3816 850169054
77772 22.3837 596142290
77773 50.4588 575314587
77774 16.3878 1058482068
77779 41.0829 1177496836
77785 61.1665 918137813
77791 45.81 824871479
77879 16.069 889532806
77894 23.5185 418655618
77906 86.7427 1100316461
77942 50.6936 1211145573
77951 46.0583 493462714
