6.357900000000000000e+04 2.360519999999999996e+01 7.902902600000000000e+07
6.382400000000000000e+04 1.765940000000000154e+01 2.144420940000000000e+08
6.402100000000000000e+04 3.932829999999999870e+01 5.137713600000000000e+07
6.455800000000000000e+04 4.527369999999999806e+01 1.027151040000000000e+08
6.466400000000000000e+04 2.080969999999999942e+01 1.089382380000000000e+08
6.520000000000000000e+04 1.870540000000000092e+01 1.571170500000000000e+07
6.523200000000000000e+04 2.187470000000000070e+01 9.940491400000000000e+07
6.546700000000000000e+04 3.411619999999999919e+01 2.630754000000000000e+06
6.657800000000000000e+04 5.231759999999999877e+01 2.246473230000000000e+08
6.665300000000000000e+04 1.700479999999999947e+01 1.345584240000000000e+08
6.669500000000000000e+04 4.126100000000000279e+01 5.772796900000000000e+07
6.669600000000000000e+04 1.806299999999999883e+01 1.930073590000000000e+08
6.683400000000000000e+04 1.926539999999999964e+01 6.467184500000000000e+07
6.689800000000000000e+04 2.855470000000000041e+01 2.211839100000000000e+07
6.698300000000000000e+04 2.260360000000000014e+01 4.026056500000000000e+07
6.708300000000000000e+04 4.973799999999999955e+01 1.768420970000000000e+08
6.752700000000000000e+04 2.082019999999999982e+01 1.049163070000000000e+08
6.789300000000000000e+04 3.680590000000000117e+01 2.154994310000000000e+08
6.799900000000000000e+04 2.220139999999999958e+01 1.556064600000000000e+07
6.804200000000000000e+04 3.678719999999999857e+01 9.104495100000000000e+07
6.808000000000000000e+04 7.450149999999999295e+01 2.390345780000000000e+08
6.819500000000000000e+04 3.822200000000000131e+01 9.247833000000000000e+06
6.822200000000000000e+04 5.148080000000000211e+01 8.890352800000000000e+07
6.827200000000000000e+04 6.045929999999999893e+01 2.997793500000000000e+07
6.828200000000000000e+04 4.001590000000000202e+01 1.873441890000000000e+08
6.851900000000000000e+04 5.317340000000000089e+01 2.316888560000000000e+08
6.852500000000000000e+04 2.523130000000000095e+01 5.259581900000000000e+07
6.860800000000000000e+04 2.415739999999999910e+01 1.890372490000000000e+08
6.864200000000000000e+04 2.216280000000000072e+01 2.015784980000000000e+08
6.866100000000000000e+04 4.609309999999999974e+01 1.395199500000000000e+07
6.907100000000000000e+04 3.888759999999999906e+01 2.485505200000000000e+07
6.910400000000000000e+04 4.251749999999999829e+01 1.145993900000000000e+08
6.934200000000000000e+04 1.724210000000000065e+01 2.872515680000000000e+08
6.943300000000000000e+04 8.264140000000000441e+01 5.138377000000000000e+06
6.961000000000000000e+04 1.994010000000000105e+01 2.820825160000000000e+08
6.969600000000000000e+04 5.458039999999999736e+01 2.015263270000000000e+08
6.973900000000000000e+04 5.736580000000000013e+01 7.987301200000000000e+07
7.017600000000000000e+04 2.432939999999999969e+01 1.338502400000000000e+07
7.035500000000000000e+04 4.224329999999999785e+01 3.867241700000000000e+07
7.052400000000000000e+04 6.579949999999999477e+01 2.547932530000000000e+08
7.060900000000000000e+04 2.040619999999999834e+01 9.784979000000000000e+06
7.072000000000000000e+04 2.267879999999999896e+01 1.990510310000000000e+08
7.072200000000000000e+04 3.673539999999999850e+01 9.616055000000000000e+06
7.072400000000000000e+04 4.193149999999999977e+01 3.396440120000000000e+08
7.083200000000000000e+04 2.492599999999999838e+01 5.755124000000000000e+06
7.087500000000000000e+04 1.910310000000000130e+01 1.778774800000000000e+08
7.094400000000000000e+04 2.897660000000000124e+01 1.231050670000000000e+08
7.098500000000000000e+04 8.799110000000000298e+01 7.708002100000000000e+07
7.124400000000000000e+04 2.056950000000000145e+01 3.709122130000000000e+08
7.134500000000000000e+04 2.176089999999999947e+01 1.767130450000000000e+08
7.145000000000000000e+04 3.644850000000000279e+01 3.647180710000000000e+08
7.148500000000000000e+04 8.496210000000000662e+01 1.525534260000000000e+08
7.185200000000000000e+04 2.047449999999999903e+01 2.097991380000000000e+08
7.195300000000000000e+04 1.830649999999999977e+01 4.046386260000000000e+08
7.208300000000000000e+04 3.568149999999999977e+01 2.526658630000000000e+08
7.215200000000000000e+04 2.230170000000000030e+01 1.478428430000000000e+08
7.218700000000000000e+04 2.538970000000000127e+01 1.943532800000000000e+07
7.233000000000000000e+04 3.912650000000000006e+01 2.854748220000000000e+08
7.236800000000000000e+04 3.181149999999999878e+01 1.962121800000000000e+07
7.237600000000000000e+04 6.239860000000000184e+01 2.373352460000000000e+08
7.240300000000000000e+04 4.329390000000000072e+01 4.057445390000000000e+08
7.250300000000000000e+04 3.371379999999999910e+01 1.909549770000000000e+08
7.256900000000000000e+04 2.009380000000000166e+01 9.699063000000000000e+06
7.265300000000000000e+04 2.850819999999999865e+01 3.407608650000000000e+08
7.273300000000000000e+04 2.607740000000000080e+01 2.591477350000000000e+08
7.284600000000000000e+04 1.882389999999999830e+01 2.289634750000000000e+08
7.284700000000000000e+04 5.954800000000000182e+01 3.372273420000000000e+08
7.291400000000000000e+04 4.999680000000000035e+01 2.884358650000000000e+08
7.300400000000000000e+04 3.078839999999999932e+01 6.975381700000000000e+07
7.329200000000000000e+04 4.991960000000000264e+01 9.157293000000000000e+07
7.331700000000000000e+04 4.055949999999999989e+01 1.368124900000000000e+07
7.332300000000000000e+04 2.309459999999999980e+01 4.101826700000000000e+07
7.343000000000000000e+04 2.879949999999999832e+01 4.086265750000000000e+08
7.348800000000000000e+04 1.807420000000000115e+01 3.250935600000000000e+08
7.350800000000000000e+04 2.616600000000000037e+01 1.669773960000000000e+08
7.353200000000000000e+04 1.659159999999999968e+01 1.072426180000000000e+08
7.373400000000000000e+04 2.190409999999999968e+01 4.198913000000000000e+06
7.373500000000000000e+04 1.796379999999999910e+01 1.072801070000000000e+08
7.391300000000000000e+04 3.436869999999999692e+01 9.432476390000000000e+08
7.392300000000000000e+04 1.811820000000000164e+01 2.789954980000000000e+08
7.394400000000000000e+04 2.691110000000000113e+01 9.186080920000000000e+08
7.401700000000000000e+04 3.764869999999999806e+01 5.574037920000000000e+08
7.404400000000000000e+04 5.270940000000000225e+01 8.397571470000000000e+08
7.422100000000000000e+04 2.112770000000000081e+01 1.066121280000000000e+08
7.437400000000000000e+04 4.229440000000000310e+01 5.893367790000000000e+08
7.443400000000000000e+04 8.297039999999999793e+01 4.970879210000000000e+08
7.446500000000000000e+04 2.032590000000000074e+01 2.473205340000000000e+08
7.448500000000000000e+04 3.119510000000000005e+01 3.205616890000000000e+08
7.454800000000000000e+04 2.190319999999999823e+01 5.631460650000000000e+08
7.459000000000000000e+04 1.931739999999999924e+01 9.815934280000000000e+08
7.459900000000000000e+04 4.662120000000000175e+01 1.011874900000000000e+08
7.471100000000000000e+04 2.116600000000000037e+01 9.978522250000000000e+08
7.527800000000000000e+04 2.145370000000000132e+01 1.158201700000000000e+07
7.537400000000000000e+04 2.853849999999999909e+01 9.699800000000000000e+04
7.560000000000000000e+04 2.017419999999999902e+01 7.742985950000000000e+08
7.562600000000000000e+04 2.269450000000000145e+01 1.502335920000000000e+08
7.576100000000000000e+04 4.658310000000000173e+01 2.748853820000000000e+08
7.576600000000000000e+04 2.496640000000000015e+01 4.881862380000000000e+08
7.587800000000000000e+04 5.659790000000000276e+01 9.731651800000000000e+07
7.588000000000000000e+04 2.426160000000000139e+01 8.574425920000000000e+08
7.588900000000000000e+04 2.325000000000000000e+01 7.153362640000000000e+08
7.589200000000000000e+04 6.205839999999999890e+01 2.037251130000000000e+08
7.591900000000000000e+04 2.522050000000000125e+01 1.020448989000000000e+09
7.592300000000000000e+04 4.748570000000000135e+01 1.549706210000000000e+08
7.623600000000000000e+04 1.627289999999999992e+01 4.627312520000000000e+08
7.670500000000000000e+04 4.035969999999999658e+01 2.799031150000000000e+08
7.674200000000000000e+04 2.261420000000000030e+01 4.436717440000000000e+08
7.703400000000000000e+04 3.696650000000000347e+01 1.641028900000000000e+08
7.723700000000000000e+04 2.338050000000000139e+01 5.407371770000000000e+08
7.730000000000000000e+04 2.140269999999999939e+01 7.712879180000000000e+08
7.752600000000000000e+04 2.630920000000000059e+01 1.876512030000000000e+08
7.777900000000000000e+04 6.447690000000000055e+01 3.633744450000000000e+08
7.778500000000000000e+04 1.665159999999999840e+01 8.518213370000000000e+08
7.787100000000000000e+04 2.496140000000000114e+01 8.123036860000000000e+08
