63579 23.6052 79029026
63824 17.6594 214442094
64021 39.3283 51377136
64558 45.2737 102715104
64664 20.8097 108938238
65200 18.7054 15711705
65232 21.8747 99404914
65467 34.1162 2630754
66578 52.3176 224647323
66653 17.0048 134558424
66695 41.261 57727969
66696 18.063 193007359
66834 19.2654 64671845
66898 28.5547 22118391
66983 22.6036 40260565
67083 49.738 176842097
67527 20.8202 104916307
67893 36.8059 215499431
67999 22.2014 15560646
68042 36.7872 91044951
68080 74.5015 239034578
68195 38.222 9247833
68222 51.4808 88903528
68272 60.4593 29977935
68282 40.0159 187344189
68519 53.1734 231688856
68525 25.2313 52595819
68608 24.1574 189037249
68642 22.1628 201578498
68661 46.0931 13951995
69071 38.8876 24855052
69104 42.5175 114599390
69342 17.2421 287251568
69433 82.6414 5138377
69610 19.9401 282082516
69696 54.5804 201526327
69739 57.3658 79873012
70176 24.3294 13385024
70355 42.2433 38672417
70369 23.6671 168088250
70524 65.7995 254793253
70609 20.4062 9784979
70720 22.6788 199051031
70722 36.7354 9616055
70724 41.9315 339644012
70767 22.1724 80919800
70832 24.926 5755124
70875 19.1031 177877480
70944 28.9766 123105067
70985 87.9911 77080021
71244 20.5695 370912213
71345 21.7609 176713045
71450 36.4485 364718071
71485 84.9621 152553426
71852 20.4745 209799138
71953 18.3065 404638626
72083 35.6815 252665863
72152 22.3017 147842843
72187 25.3897 19435328
72330 39.1265 285474822
72368 31.8115 19621218
72369 19.1056 225067324
72376 62.3986 237335246
72403 43.2939 405744539
72503 33.7138 190954977
72569 20.0938 9699063
72653 28.5082 340760865
72733 26.0774 259147735
72846 18.8239 228963475
72847 59.548 337227342
72914 49.9968 288435865
73004 30.7884 69753817
73236 20.0851 401825115
73292 49.9196 91572930
73317 40.5595 13681249
73323 23.0946 41018267
73430 28.7995 408626575
73488 18.0742 325093560
73508 26.166 166977396
73532 16.5916 107242618
73734 21.9041 4198913
73735 17.9638 107280107
73913 34.3687 943247639
73923 18.1182 278995498
73944 26.9111 918608092
74017 37.6487 557403792
74044 52.7094 839757147
74205 23.2242 546661652
74221 21.1277 106612128
74374 42.2944 589336779
74434 82.9704 497087921
74465 20.3259 247320534
74485 31.1951 320561689
74548 21.9032 563146065
74590 19.3174 981593428
74599 46.6212 101187490
74711 21.166 997852225
75278 21.4537 11582017
75374 28.5385 96998
75600 20.1742 774298595
75626 22.6945 150233592
75761 46.5831 274885382
75766 24.9664 488186238
75878 56.5979 97316518
75880 24.2616 857442592
75889 23.25 715336264
75892 62.0584 203725113
75919 25.2205 1020448989
75923 47.4857 154970621
76236 16.2729 462731252
76705 40.3597 279903115
76742 22.6142 443671744
77034 36.9665 164102890
77237 23.3805 540737177
77300 21.4027 771287918
77334 27.4216 483034044
77334 20.1578 1116133789
77526 26.3092 187651203
77779 64.4769 363374445
77785 16.6516 851821337
77871 24.9614 812303686
