6.239200000000000000e+04 7.991840000000000543e+01 1.665384510000000000e+08
6.242800000000000000e+04 7.441270000000000095e+01 8.106220500000000000e+07
6.243000000000000000e+04 8.063569999999999993e+01 1.002224200000000000e+07
6.243100000000000000e+04 5.276480000000000103e+01 2.052714550000000000e+08
6.243400000000000000e+04 8.612340000000000373e+01 1.781768200000000000e+07
6.267400000000000000e+04 2.266300000000000026e+01 2.168731180000000000e+08
6.273800000000000000e+04 4.949909999999999854e+01 1.288531600000000000e+07
6.284200000000000000e+04 3.461610000000000298e+01 1.246234750000000000e+08
6.284400000000000000e+04 8.923940000000000339e+01 8.704757100000000000e+07
6.284400000000000000e+04 6.750579999999999359e+01 9.053262800000000000e+07
6.287000000000000000e+04 1.821359999999999957e+01 2.405387070000000000e+08
6.293000000000000000e+04 4.817779999999999774e+01 4.890026400000000000e+07
6.297200000000000000e+04 3.613830000000000098e+01 1.964201300000000000e+08
6.299900000000000000e+04 6.872259999999999991e+01 2.056900000000000000e+07
6.308300000000000000e+04 5.376330000000000098e+01 1.488021680000000000e+08
6.319400000000000000e+04 2.985079999999999956e+01 1.658548140000000000e+08
6.320300000000000000e+04 4.558469999999999800e+01 1.876948200000000000e+07
6.327600000000000000e+04 3.756669999999999732e+01 3.893886100000000000e+07
6.328800000000000000e+04 2.992269999999999897e+01 1.628577000000000000e+06
6.338600000000000000e+04 2.614160000000000039e+01 6.405129700000000000e+07
6.338800000000000000e+04 2.448849999999999838e+01 6.708667600000000000e+07
6.375900000000000000e+04 8.048019999999999641e+01 1.961226800000000000e+07
6.376500000000000000e+04 3.737199999999999989e+01 9.918818000000000000e+06
6.381300000000000000e+04 5.898640000000000327e+01 3.895236100000000000e+07
6.382100000000000000e+04 2.507329999999999970e+01 1.321999990000000000e+08
6.392000000000000000e+04 6.212760000000000105e+01 2.122365200000000000e+08
6.392100000000000000e+04 4.167699999999999960e+01 1.640324980000000000e+08
6.392800000000000000e+04 5.871719999999999828e+01 1.167922410000000000e+08
6.393200000000000000e+04 7.675079999999999814e+01 1.686642900000000000e+07
6.394500000000000000e+04 4.084360000000000213e+01 1.111984340000000000e+08
6.408400000000000000e+04 3.218350000000000222e+01 1.529164360000000000e+08
6.408700000000000000e+04 6.733299999999999841e+01 3.524782100000000000e+07
6.411400000000000000e+04 5.062089999999999890e+01 1.964702900000000000e+07
6.417400000000000000e+04 4.289569999999999794e+01 1.498962400000000000e+07
6.427900000000000000e+04 4.678560000000000230e+01 1.920666340000000000e+08
6.429000000000000000e+04 4.387780000000000058e+01 6.777142700000000000e+07
6.432000000000000000e+04 4.779440000000000310e+01 1.626522700000000000e+07
6.437500000000000000e+04 7.394660000000000366e+01 1.381969600000000000e+08
6.455800000000000000e+04 5.258840000000000003e+01 1.323661020000000000e+08
6.466400000000000000e+04 6.086449999999999960e+01 1.136990080000000000e+08
6.466400000000000000e+04 1.766969999999999885e+01 1.680403270000000000e+08
6.466500000000000000e+04 6.394460000000000122e+01 7.551665500000000000e+07
6.478900000000000000e+04 5.933440000000000225e+01 3.658046900000000000e+07
6.482800000000000000e+04 6.003139999999999787e+01 1.513302860000000000e+08
6.483200000000000000e+04 2.271359999999999957e+01 5.520374300000000000e+07
6.483200000000000000e+04 3.819760000000000133e+01 1.253272930000000000e+08
6.486300000000000000e+04 5.309949999999999903e+01 6.733887900000000000e+07
6.540800000000000000e+04 2.768730000000000047e+01 2.935728100000000000e+07
6.546500000000000000e+04 3.313859999999999673e+01 2.198865690000000000e+08
6.549400000000000000e+04 7.857640000000000668e+01 9.322804400000000000e+07
6.551600000000000000e+04 4.920980000000000132e+01 6.253932000000000000e+06
6.567400000000000000e+04 3.024119999999999919e+01 5.341507000000000000e+07
6.572900000000000000e+04 8.552809999999999491e+01 1.468854300000000000e+07
6.577200000000000000e+04 2.614079999999999870e+01 1.835238960000000000e+08
6.577300000000000000e+04 8.881289999999999907e+01 7.532084000000000000e+06
6.587400000000000000e+04 2.777799999999999869e+01 3.880436500000000000e+07
6.592700000000000000e+04 5.545120000000000005e+01 1.378179410000000000e+08
6.596400000000000000e+04 1.874990000000000023e+01 4.054801000000000000e+06
6.603700000000000000e+04 3.453840000000000288e+01 1.201519060000000000e+08
6.609200000000000000e+04 5.794959999999999667e+01 2.073023150000000000e+08
6.614900000000000000e+04 5.130319999999999681e+01 6.140400200000000000e+07
6.615100000000000000e+04 3.169829999999999970e+01 2.454039700000000000e+07
6.615600000000000000e+04 6.631669999999999732e+01 1.156319120000000000e+08
6.616300000000000000e+04 8.264060000000000628e+01 2.485398540000000000e+08
6.618600000000000000e+04 3.255149999999999721e+01 5.208558900000000000e+07
6.619200000000000000e+04 5.387720000000000198e+01 1.760766200000000000e+07
6.626000000000000000e+04 2.503859999999999886e+01 4.564376100000000000e+07
6.627400000000000000e+04 4.442849999999999966e+01 2.243094000000000000e+08
6.627700000000000000e+04 4.568970000000000198e+01 2.276057820000000000e+08
6.643900000000000000e+04 4.223870000000000147e+01 2.330916800000000000e+07
6.646300000000000000e+04 2.149350000000000094e+01 6.381844000000000000e+07
6.646700000000000000e+04 6.277009999999999934e+01 1.038581190000000000e+08
6.649900000000000000e+04 5.000289999999999679e+01 1.062179790000000000e+08
6.657200000000000000e+04 4.324289999999999878e+01 6.706137800000000000e+07
6.657900000000000000e+04 8.985259999999999536e+01 1.879265570000000000e+08
6.659100000000000000e+04 8.514480000000000359e+01 1.066280230000000000e+08
6.660800000000000000e+04 4.547849999999999682e+01 3.246147900000000000e+07
6.661200000000000000e+04 4.798499999999999943e+01 1.099847650000000000e+08
6.666500000000000000e+04 2.830870000000000175e+01 7.049710500000000000e+07
6.669500000000000000e+04 3.599490000000000123e+01 1.770473720000000000e+08
6.672500000000000000e+04 4.543240000000000123e+01 1.608832710000000000e+08
6.679400000000000000e+04 4.656349999999999767e+01 2.065440300000000000e+07
6.689600000000000000e+04 2.882550000000000168e+01 2.443936100000000000e+08
6.691700000000000000e+04 4.108760000000000190e+01 2.238868660000000000e+08
6.692400000000000000e+04 5.858879999999999910e+01 2.181701100000000000e+07
6.692400000000000000e+04 3.349219999999999686e+01 5.475773700000000000e+07
6.693500000000000000e+04 8.694299999999999784e+01 1.510647600000000000e+07
6.693600000000000000e+04 3.270570000000000022e+01 1.258420030000000000e+08
6.695500000000000000e+04 7.663979999999999393e+01 1.761931470000000000e+08
6.696800000000000000e+04 3.217009999999999792e+01 7.654564200000000000e+07
6.697100000000000000e+04 8.826819999999999311e+01 1.763263690000000000e+08
6.706300000000000000e+04 3.670830000000000126e+01 6.910615000000000000e+06
6.707700000000000000e+04 4.670340000000000202e+01 1.926856930000000000e+08
6.707800000000000000e+04 6.457110000000000127e+01 1.666333480000000000e+08
6.738200000000000000e+04 5.676689999999999969e+01 7.819998900000000000e+07
6.738500000000000000e+04 3.107189999999999941e+01 3.330567360000000000e+08
6.740900000000000000e+04 4.215270000000000294e+01 1.548819290000000000e+08
6.742900000000000000e+04 6.394509999999999650e+01 1.649175450000000000e+08
6.756600000000000000e+04 4.330680000000000263e+01 1.385474540000000000e+08
6.759900000000000000e+04 3.341779999999999973e+01 3.267820000000000000e+05
6.778200000000000000e+04 8.956789999999999452e+01 6.351485400000000000e+07
6.783600000000000000e+04 4.604099999999999682e+01 1.080298750000000000e+08
6.783700000000000000e+04 6.598760000000000048e+01 5.640530700000000000e+07
6.788500000000000000e+04 7.798909999999999343e+01 1.723314820000000000e+08
6.789900000000000000e+04 3.823479999999999990e+01 1.291571040000000000e+08
6.791000000000000000e+04 2.359779999999999944e+01 1.271474470000000000e+08
6.792000000000000000e+04 7.924609999999999843e+01 8.357856700000000000e+07
6.792100000000000000e+04 8.051040000000000418e+01 5.372150000000000000e+06
6.792700000000000000e+04 3.827369999999999806e+01 5.399692200000000000e+07
6.794900000000000000e+04 3.062669999999999959e+01 5.895375500000000000e+07
6.795400000000000000e+04 8.641110000000000468e+01 1.148049370000000000e+08
6.801500000000000000e+04 5.595400000000000063e+01 7.775602700000000000e+07
6.804800000000000000e+04 3.864159999999999684e+01 2.890316000000000000e+06
6.804800000000000000e+04 3.637290000000000134e+01 1.378874390000000000e+08
6.810200000000000000e+04 4.182139999999999702e+01 2.537195100000000000e+07
6.810200000000000000e+04 8.779089999999999350e+01 9.166732400000000000e+07
6.812000000000000000e+04 1.964329999999999998e+01 3.264412300000000000e+07
6.812000000000000000e+04 6.945010000000000616e+01 4.870608000000000000e+07
6.813600000000000000e+04 5.295060000000000144e+01 2.390252110000000000e+08
6.820500000000000000e+04 1.849089999999999989e+01 1.129709310000000000e+08
6.821200000000000000e+04 4.432670000000000243e+01 6.853765500000000000e+07
6.824000000000000000e+04 4.116680000000000206e+01 2.088359290000000000e+08
6.825600000000000000e+04 3.481099999999999994e+01 1.647531300000000000e+08
6.827000000000000000e+04 4.401839999999999975e+01 6.451315900000000000e+07
6.827000000000000000e+04 3.274869999999999948e+01 2.235517440000000000e+08
6.827300000000000000e+04 2.460340000000000060e+01 1.893446270000000000e+08
6.840500000000000000e+04 4.375220000000000198e+01 4.211848800000000000e+07
6.841600000000000000e+04 4.014679999999999893e+01 1.596128010000000000e+08
6.841700000000000000e+04 4.271659999999999968e+01 3.508741900000000000e+07
6.842300000000000000e+04 8.557519999999999527e+01 5.310755000000000000e+06
6.842400000000000000e+04 4.505799999999999983e+01 3.483057900000000000e+07
6.842600000000000000e+04 3.794050000000000011e+01 1.468255460000000000e+08
6.848700000000000000e+04 4.599889999999999901e+01 2.452365240000000000e+08
6.849100000000000000e+04 2.394480000000000075e+01 1.230462610000000000e+08
6.849200000000000000e+04 6.049110000000000298e+01 1.859959850000000000e+08
6.851800000000000000e+04 7.132510000000000616e+01 1.014789480000000000e+08
6.852800000000000000e+04 2.776239999999999952e+01 2.142680020000000000e+08
6.853000000000000000e+04 4.439730000000000132e+01 1.236746460000000000e+08
6.853000000000000000e+04 2.053890000000000171e+01 2.462966660000000000e+08
6.854800000000000000e+04 7.957089999999999463e+01 5.067057600000000000e+07
6.855300000000000000e+04 8.416819999999999879e+01 6.464466000000000000e+07
6.863600000000000000e+04 1.745799999999999841e+01 1.430301000000000000e+08
6.864200000000000000e+04 3.305480000000000018e+01 2.099848830000000000e+08
6.876300000000000000e+04 5.530469999999999686e+01 1.623226830000000000e+08
6.876500000000000000e+04 5.842900000000000205e+01 1.385718110000000000e+08
6.888300000000000000e+04 3.700759999999999650e+01 2.089819250000000000e+08
6.888300000000000000e+04 4.871370000000000289e+01 2.129274380000000000e+08
6.901500000000000000e+04 2.832770000000000010e+01 2.148638950000000000e+08
6.903300000000000000e+04 6.999439999999999884e+01 6.574890000000000000e+06
6.903400000000000000e+04 3.018469999999999942e+01 4.827242400000000000e+07
6.907100000000000000e+04 7.617940000000000111e+01 7.951413800000000000e+07
6.908000000000000000e+04 3.008840000000000003e+01 1.759319610000000000e+08
6.909200000000000000e+04 8.652299999999999613e+01 3.293990100000000000e+07
6.909200000000000000e+04 5.304560000000000031e+01 2.159593520000000000e+08
6.916100000000000000e+04 3.984879999999999711e+01 6.840499100000000000e+07
6.926400000000000000e+04 5.275999999999999801e+01 2.448779890000000000e+08
6.936900000000000000e+04 4.564119999999999777e+01 2.571074100000000000e+07
6.938200000000000000e+04 6.437949999999999307e+01 1.890510880000000000e+08
6.938700000000000000e+04 8.202930000000000632e+01 1.455357560000000000e+08
6.939800000000000000e+04 1.655610000000000070e+01 8.754260000000000000e+05
6.943300000000000000e+04 3.990550000000000352e+01 1.375810590000000000e+08
6.948600000000000000e+04 4.774230000000000018e+01 1.089658710000000000e+08
6.961300000000000000e+04 3.751200000000000045e+01 5.259648100000000000e+07
6.962400000000000000e+04 7.646519999999999584e+01 7.197213000000000000e+06
6.962500000000000000e+04 3.536540000000000106e+01 3.105037140000000000e+08
6.964100000000000000e+04 4.729679999999999751e+01 1.221884420000000000e+08
6.964700000000000000e+04 4.091109999999999758e+01 7.360037100000000000e+07
6.967500000000000000e+04 4.492929999999999779e+01 2.794090950000000000e+08
6.968900000000000000e+04 3.210450000000000159e+01 1.770648780000000000e+08
6.971500000000000000e+04 3.600310000000000343e+01 8.743760400000000000e+07
6.972500000000000000e+04 5.301109999999999900e+01 2.706756870000000000e+08
6.973600000000000000e+04 2.012630000000000052e+01 1.331206580000000000e+08
6.973900000000000000e+04 8.683750000000000568e+01 1.650167700000000000e+07
6.974500000000000000e+04 8.162279999999999802e+01 7.659789200000000000e+07
6.974500000000000000e+04 7.782980000000000587e+01 3.501508520000000000e+08
6.976000000000000000e+04 3.615169999999999817e+01 1.655178830000000000e+08
6.977200000000000000e+04 3.318529999999999802e+01 1.671243100000000000e+08
6.977900000000000000e+04 2.425910000000000011e+01 1.690140210000000000e+08
6.977900000000000000e+04 2.182570000000000121e+01 3.027799600000000000e+08
6.979800000000000000e+04 6.594180000000000064e+01 1.103575440000000000e+08
6.980900000000000000e+04 3.660819999999999652e+01 2.700875600000000000e+08
6.982200000000000000e+04 4.827759999999999962e+01 6.873679700000000000e+07
6.985900000000000000e+04 3.661410000000000053e+01 2.425893000000000000e+06
7.017600000000000000e+04 3.509949999999999903e+01 5.125727600000000000e+07
7.019100000000000000e+04 4.216890000000000072e+01 5.652240400000000000e+07
7.029500000000000000e+04 7.470239999999999725e+01 1.995601000000000000e+06
7.031300000000000000e+04 4.000489999999999924e+01 1.691637050000000000e+08
7.032900000000000000e+04 3.428620000000000090e+01 2.970859800000000000e+08
7.039000000000000000e+04 7.954420000000000357e+01 2.664953010000000000e+08
7.039200000000000000e+04 4.613629999999999853e+01 1.248923300000000000e+07
7.050000000000000000e+04 3.941009999999999991e+01 2.035537550000000000e+08
7.061300000000000000e+04 7.681489999999999441e+01 6.679621400000000000e+07
7.065600000000000000e+04 3.742210000000000036e+01 2.530131830000000000e+08
7.066600000000000000e+04 6.105409999999999826e+01 9.339939200000000000e+07
7.067400000000000000e+04 8.162290000000000134e+01 2.463574820000000000e+08
7.069700000000000000e+04 4.229569999999999652e+01 3.376561380000000000e+08
7.071700000000000000e+04 4.310589999999999833e+01 7.339873200000000000e+07
7.072900000000000000e+04 4.418399999999999750e+01 4.500762800000000000e+07
7.073400000000000000e+04 9.558039999999999736e+01 1.486304800000000000e+08
7.074600000000000000e+04 3.497010000000000218e+01 3.618465000000000000e+07
7.074600000000000000e+04 4.186460000000000292e+01 3.027362670000000000e+08
7.083900000000000000e+04 4.155469999999999686e+01 9.518866600000000000e+07
7.084300000000000000e+04 4.859839999999999804e+01 5.333100200000000000e+07
7.084500000000000000e+04 2.002749999999999986e+01 3.071475900000000000e+07
7.085500000000000000e+04 4.246419999999999817e+01 2.287286800000000000e+08
7.085600000000000000e+04 2.582049999999999912e+01 4.739804000000000000e+07
7.086300000000000000e+04 6.666750000000000398e+01 3.380402730000000000e+08
7.087700000000000000e+04 2.789770000000000039e+01 1.311654070000000000e+08
7.087700000000000000e+04 4.639809999999999945e+01 2.537369740000000000e+08
7.088000000000000000e+04 3.651610000000000156e+01 6.784424200000000000e+07
7.091400000000000000e+04 3.957169999999999987e+01 1.412346410000000000e+08
7.092000000000000000e+04 4.013259999999999650e+01 2.697109670000000000e+08
7.098400000000000000e+04 4.837610000000000099e+01 1.000974090000000000e+08
7.098500000000000000e+04 4.336339999999999861e+01 1.702640800000000000e+08
7.098500000000000000e+04 5.607399999999999807e+01 2.600075590000000000e+08
7.098800000000000000e+04 5.444180000000000064e+01 8.977693500000000000e+07
7.106000000000000000e+04 8.104730000000000700e+01 2.228993910000000000e+08
7.106200000000000000e+04 8.077580000000000382e+01 3.733867100000000000e+07
7.115500000000000000e+04 6.572750000000000625e+01 3.662937030000000000e+08
7.124100000000000000e+04 2.786700000000000088e+01 2.975995840000000000e+08
7.124300000000000000e+04 8.535160000000000480e+01 3.599304920000000000e+08
7.124600000000000000e+04 7.466299999999999670e+01 3.077705420000000000e+08
7.131100000000000000e+04 7.923789999999999623e+01 1.316538190000000000e+08
7.132100000000000000e+04 4.312660000000000338e+01 2.133286600000000000e+07
7.134300000000000000e+04 4.223389999999999844e+01 7.886939100000000000e+07
7.141400000000000000e+04 1.853839999999999932e+01 2.026002680000000000e+08
7.145200000000000000e+04 2.624660000000000082e+01 2.054807110000000000e+08
7.148200000000000000e+04 6.038459999999999894e+01 2.653482330000000000e+08
7.148400000000000000e+04 4.243889999999999674e+01 3.581699270000000000e+08
7.182100000000000000e+04 5.034810000000000230e+01 1.799620710000000000e+08
7.182600000000000000e+04 1.990210000000000079e+01 9.026788700000000000e+07
7.183900000000000000e+04 7.367829999999999302e+01 3.221596500000000000e+08
7.184700000000000000e+04 7.121729999999999450e+01 2.482834450000000000e+08
7.185000000000000000e+04 5.020859999999999701e+01 2.213199000000000000e+06
7.185400000000000000e+04 6.948930000000000007e+01 8.737234500000000000e+07
7.185500000000000000e+04 4.987850000000000250e+01 1.230168540000000000e+08
7.186600000000000000e+04 4.734850000000000136e+01 2.609746600000000000e+07
7.188400000000000000e+04 3.211529999999999774e+01 1.277949380000000000e+08
7.188600000000000000e+04 2.794030000000000058e+01 3.808577000000000000e+06
7.189900000000000000e+04 5.119489999999999696e+01 2.183961380000000000e+08
7.195700000000000000e+04 7.815840000000000032e+01 3.458737150000000000e+08
7.196000000000000000e+04 6.388770000000000238e+01 2.930640490000000000e+08
7.203300000000000000e+04 8.766960000000000264e+01 3.941066000000000000e+07
7.205300000000000000e+04 5.814309999999999690e+01 5.267016400000000000e+07
7.207300000000000000e+04 5.686079999999999757e+01 1.031765220000000000e+08
7.210500000000000000e+04 3.098130000000000095e+01 1.869492570000000000e+08
7.215100000000000000e+04 3.932540000000000191e+01 2.783526690000000000e+08
7.215500000000000000e+04 2.577390000000000114e+01 9.423102000000000000e+06
7.216500000000000000e+04 7.069719999999999516e+01 3.747558410000000000e+08
7.217600000000000000e+04 4.667439999999999856e+01 4.111954140000000000e+08
7.221400000000000000e+04 5.522699999999999676e+01 5.174450400000000000e+07
7.222700000000000000e+04 2.591570000000000107e+01 1.607444100000000000e+07
7.224000000000000000e+04 6.365550000000000352e+01 6.103911400000000000e+07
7.226100000000000000e+04 3.051790000000000092e+01 3.050326340000000000e+08
7.228000000000000000e+04 4.940220000000000056e+01 1.052268720000000000e+08
7.228000000000000000e+04 2.956859999999999999e+01 1.830738920000000000e+08
7.230600000000000000e+04 7.219790000000000418e+01 3.823713400000000000e+08
7.230800000000000000e+04 8.868519999999999470e+01 3.202392280000000000e+08
7.230800000000000000e+04 3.322449999999999903e+01 3.410072940000000000e+08
7.231900000000000000e+04 3.069630000000000081e+01 6.555826100000000000e+07
7.232200000000000000e+04 5.545459999999999923e+01 2.514914000000000000e+06
7.236900000000000000e+04 5.607880000000000109e+01 4.356122470000000000e+08
7.237300000000000000e+04 7.913100000000000023e+01 3.309388390000000000e+08
7.237500000000000000e+04 4.038380000000000081e+01 3.598453700000000000e+07
7.239100000000000000e+04 2.972970000000000113e+01 1.276547530000000000e+08
7.239100000000000000e+04 3.280219999999999914e+01 1.919336200000000000e+08
7.241900000000000000e+04 4.850110000000000099e+01 3.543113000000000000e+07
7.247600000000000000e+04 3.155110000000000170e+01 2.603330020000000000e+08
7.250100000000000000e+04 2.646549999999999869e+01 1.528608250000000000e+08
7.250400000000000000e+04 5.154200000000000159e+01 3.810338200000000000e+07
7.255700000000000000e+04 7.118949999999999534e+01 2.852478310000000000e+08
7.256900000000000000e+04 9.736390000000000100e+01 6.933389300000000000e+07
7.256900000000000000e+04 9.807349999999999568e+01 2.691132810000000000e+08
7.263400000000000000e+04 2.071069999999999922e+01 7.477397200000000000e+07
7.266700000000000000e+04 5.664730000000000132e+01 3.785867440000000000e+08
7.272900000000000000e+04 3.106990000000000052e+01 2.055301250000000000e+08
7.273200000000000000e+04 2.928640000000000043e+01 2.931568630000000000e+08
7.275800000000000000e+04 5.365879999999999939e+01 1.032181200000000000e+07
7.276700000000000000e+04 8.846110000000000184e+01 1.495305540000000000e+08
7.276900000000000000e+04 2.231330000000000169e+01 2.105466250000000000e+08
7.277300000000000000e+04 4.031159999999999854e+01 1.317286250000000000e+08
7.278800000000000000e+04 3.420369999999999777e+01 9.836401100000000000e+07
7.279600000000000000e+04 3.451039999999999708e+01 5.922591300000000000e+07
7.282900000000000000e+04 6.604240000000000066e+01 6.180965900000000000e+07
7.282900000000000000e+04 8.011690000000000111e+01 7.375513400000000000e+07
7.283000000000000000e+04 6.622299999999999898e+01 2.728927700000000000e+07
7.285200000000000000e+04 4.426330000000000098e+01 7.836378000000000000e+07
7.285500000000000000e+04 3.452020000000000266e+01 3.505245940000000000e+08
7.289500000000000000e+04 4.823919999999999675e+01 3.568137860000000000e+08
7.290400000000000000e+04 3.655859999999999843e+01 3.254072460000000000e+08
7.297700000000000000e+04 4.182609999999999673e+01 3.343564480000000000e+08
7.298900000000000000e+04 7.048850000000000193e+01 8.636738800000000000e+07
7.300000000000000000e+04 3.680400000000000205e+01 4.059285800000000000e+07
7.300300000000000000e+04 5.596320000000000050e+01 4.159063700000000000e+07
7.303200000000000000e+04 4.433480000000000132e+01 1.129969160000000000e+08
7.303500000000000000e+04 5.097959999999999781e+01 2.369571290000000000e+08
7.308600000000000000e+04 8.807729999999999393e+01 2.599198540000000000e+08
7.322100000000000000e+04 5.097359999999999758e+01 2.590425050000000000e+08
7.322300000000000000e+04 6.574869999999999948e+01 6.352293700000000000e+07
7.323800000000000000e+04 2.295250000000000057e+01 1.444451690000000000e+08
7.323900000000000000e+04 3.475050000000000239e+01 1.062545160000000000e+08
7.324400000000000000e+04 2.429929999999999879e+01 2.013538300000000000e+08
7.326000000000000000e+04 2.863970000000000127e+01 3.846101780000000000e+08
7.326300000000000000e+04 2.133520000000000039e+01 4.141459920000000000e+08
7.332300000000000000e+04 1.772429999999999950e+01 2.705368610000000000e+08
7.332900000000000000e+04 2.974500000000000099e+01 2.211417760000000000e+08
7.333100000000000000e+04 1.618590000000000018e+01 1.851717630000000000e+08
7.333200000000000000e+04 7.853539999999999566e+01 1.324982520000000000e+08
7.333800000000000000e+04 3.266120000000000090e+01 8.312028500000000000e+07
7.334600000000000000e+04 8.238240000000000407e+01 6.356817700000000000e+07
7.336500000000000000e+04 4.730460000000000065e+01 2.641738420000000000e+08
7.336900000000000000e+04 3.846350000000000335e+01 2.918771680000000000e+08
7.337200000000000000e+04 2.484479999999999933e+01 2.121913710000000000e+08
7.340400000000000000e+04 3.175669999999999860e+01 2.569874960000000000e+08
7.343000000000000000e+04 3.957090000000000174e+01 1.007344680000000000e+08
7.343200000000000000e+04 3.847489999999999810e+01 1.000524310000000000e+08
7.344600000000000000e+04 3.432670000000000243e+01 2.100784210000000000e+08
7.346300000000000000e+04 2.674980000000000047e+01 4.592804600000000000e+07
7.347800000000000000e+04 8.322379999999999711e+01 2.475038640000000000e+08
7.349200000000000000e+04 2.358079999999999998e+01 1.243287200000000000e+08
7.350500000000000000e+04 4.427329999999999899e+01 3.212237800000000000e+08
7.350700000000000000e+04 5.091159999999999997e+01 2.463532140000000000e+08
7.350900000000000000e+04 4.567680000000000007e+01 4.287683140000000000e+08
7.352500000000000000e+04 4.607050000000000267e+01 1.898754950000000000e+08
7.352900000000000000e+04 4.180369999999999919e+01 8.516174200000000000e+07
7.354200000000000000e+04 3.828920000000000101e+01 1.284487000000000000e+07
7.354500000000000000e+04 5.634210000000000207e+01 2.636568480000000000e+08
7.354600000000000000e+04 5.400600000000000023e+01 2.646177500000000000e+07
7.356800000000000000e+04 6.454659999999999798e+01 1.193329100000000000e+08
7.360400000000000000e+04 4.645779999999999887e+01 5.995214670000000000e+08
7.362800000000000000e+04 3.695150000000000290e+01 4.781714870000000000e+08
7.363400000000000000e+04 4.188559999999999661e+01 4.759909630000000000e+08
7.364700000000000000e+04 2.366560000000000130e+01 3.833894560000000000e+08
7.365100000000000000e+04 2.914460000000000051e+01 4.050168050000000000e+08
7.366000000000000000e+04 2.239189999999999969e+01 3.318736580000000000e+08
7.366700000000000000e+04 5.123539999999999850e+01 1.018278566000000000e+09
7.370400000000000000e+04 8.515900000000000603e+01 8.008641350000000000e+08
7.370900000000000000e+04 8.728570000000000562e+01 1.600951290000000000e+08
7.373300000000000000e+04 4.138600000000000279e+01 1.663327130000000000e+08
7.374100000000000000e+04 1.969239999999999924e+01 3.445634300000000000e+07
7.374900000000000000e+04 4.275500000000000256e+01 8.758742300000000000e+07
7.383600000000000000e+04 3.171880000000000166e+01 5.602099080000000000e+08
7.383900000000000000e+04 4.207070000000000221e+01 3.882319910000000000e+08
7.388500000000000000e+04 2.823639999999999972e+01 4.619054750000000000e+08
7.388800000000000000e+04 8.111220000000000141e+01 4.252891540000000000e+08
7.389300000000000000e+04 7.023139999999999361e+01 5.120027620000000000e+08
7.389800000000000000e+04 6.977129999999999654e+01 8.140541790000000000e+08
7.390200000000000000e+04 5.500439999999999685e+01 8.604846700000000000e+07
7.390300000000000000e+04 8.820130000000000337e+01 6.053134360000000000e+08
7.391100000000000000e+04 1.632100000000000151e+01 4.291117320000000000e+08
7.393200000000000000e+04 7.403379999999999939e+01 8.057865900000000000e+07
7.394500000000000000e+04 7.352039999999999509e+01 2.449954450000000000e+08
7.395300000000000000e+04 8.922910000000000252e+01 4.073050000000000000e+05
7.402700000000000000e+04 8.861629999999999541e+01 1.614745180000000000e+08
7.405300000000000000e+04 2.067350000000000065e+01 2.488542950000000000e+08
7.405600000000000000e+04 6.006000000000000227e+01 9.190206090000000000e+08
7.413100000000000000e+04 6.220100000000000051e+01 4.949974500000000000e+07
7.413200000000000000e+04 3.448859999999999815e+01 8.351742260000000000e+08
7.414900000000000000e+04 2.882600000000000051e+01 7.821622180000000000e+08
7.415300000000000000e+04 5.646110000000000184e+01 6.966643300000000000e+07
7.415600000000000000e+04 1.703999999999999915e+01 1.419276260000000000e+08
7.415700000000000000e+04 3.674439999999999884e+01 4.915491430000000000e+08
7.415900000000000000e+04 4.393489999999999895e+01 3.493883000000000000e+08
7.416200000000000000e+04 6.290019999999999811e+01 5.511599250000000000e+08
7.416300000000000000e+04 4.387060000000000315e+01 3.203188320000000000e+08
7.417500000000000000e+04 3.114750000000000085e+01 9.300698800000000000e+07
7.417700000000000000e+04 2.894259999999999877e+01 3.282274060000000000e+08
7.418800000000000000e+04 7.245420000000000016e+01 4.438584650000000000e+08
7.420500000000000000e+04 5.276550000000000296e+01 1.353277240000000000e+08
7.421900000000000000e+04 4.383389999999999986e+01 1.343188080000000000e+08
7.422400000000000000e+04 2.822830000000000084e+01 9.969356130000000000e+08
7.422600000000000000e+04 4.512250000000000227e+01 2.386008540000000000e+08
7.424000000000000000e+04 1.985340000000000060e+01 2.248613380000000000e+08
7.424700000000000000e+04 2.573059999999999903e+01 4.047724900000000000e+07
7.424800000000000000e+04 6.465210000000000434e+01 9.219281960000000000e+08
7.425200000000000000e+04 3.065040000000000120e+01 5.518853540000000000e+08
7.426400000000000000e+04 1.695439999999999969e+01 1.009801133000000000e+09
7.436600000000000000e+04 2.044269999999999854e+01 2.480332050000000000e+08
7.439700000000000000e+04 4.450529999999999831e+01 4.994548090000000000e+08
7.441500000000000000e+04 2.253989999999999938e+01 1.166125340000000000e+08
7.441900000000000000e+04 5.413159999999999883e+01 2.250349900000000000e+08
7.442200000000000000e+04 3.564609999999999701e+01 6.559421820000000000e+08
7.442200000000000000e+04 1.981190000000000140e+01 9.328147720000000000e+08
7.443400000000000000e+04 4.285410000000000252e+01 2.456186610000000000e+08
7.444600000000000000e+04 8.899630000000000507e+01 6.323011600000000000e+08
7.446600000000000000e+04 1.839900000000000091e+01 6.679846010000000000e+08
7.446800000000000000e+04 2.793669999999999831e+01 5.028671550000000000e+08
7.448300000000000000e+04 5.457930000000000348e+01 1.267459630000000000e+08
7.448400000000000000e+04 4.752300000000000324e+01 1.227883200000000000e+07
7.448400000000000000e+04 3.873230000000000217e+01 7.773429680000000000e+08
7.454900000000000000e+04 4.392360000000000042e+01 7.160568180000000000e+08
7.455300000000000000e+04 4.816320000000000334e+01 9.428588590000000000e+08
7.456100000000000000e+04 2.893649999999999878e+01 2.784136060000000000e+08
7.457700000000000000e+04 4.005019999999999669e+01 4.365485010000000000e+08
7.460100000000000000e+04 3.473510000000000275e+01 5.645880670000000000e+08
7.461000000000000000e+04 3.361059999999999803e+01 4.641891440000000000e+08
7.468700000000000000e+04 1.886520000000000152e+01 6.739647870000000000e+08
7.469000000000000000e+04 8.847610000000000241e+01 3.073474220000000000e+08
7.472900000000000000e+04 8.379800000000000182e+01 8.380168090000000000e+08
7.473300000000000000e+04 3.618059999999999832e+01 9.236743930000000000e+08
7.473500000000000000e+04 4.957589999999999719e+01 7.225403510000000000e+08
7.473700000000000000e+04 2.319900000000000162e+01 5.515231500000000000e+08
7.474700000000000000e+04 7.255570000000000164e+01 1.751941000000000000e+06
7.475300000000000000e+04 2.741100000000000136e+01 9.918392430000000000e+08
7.475600000000000000e+04 3.315590000000000259e+01 1.103881510000000000e+08
7.475600000000000000e+04 2.770200000000000173e+01 8.166656760000000000e+08
7.521600000000000000e+04 1.668169999999999931e+01 8.899333960000000000e+08
7.523900000000000000e+04 4.637969999999999970e+01 1.054791712000000000e+09
7.525300000000000000e+04 4.200439999999999685e+01 5.722567610000000000e+08
7.525700000000000000e+04 2.666560000000000130e+01 5.277959530000000000e+08
7.526200000000000000e+04 1.858820000000000050e+01 7.429796870000000000e+08
7.527700000000000000e+04 2.230069999999999908e+01 3.754378970000000000e+08
7.531900000000000000e+04 5.331369999999999720e+01 7.799870320000000000e+08
7.534000000000000000e+04 2.292549999999999955e+01 3.807896300000000000e+08
7.536600000000000000e+04 2.921669999999999945e+01 4.370478900000000000e+07
7.538500000000000000e+04 2.931009999999999849e+01 9.058489340000000000e+08
7.538700000000000000e+04 3.314710000000000178e+01 1.523001440000000000e+08
7.540100000000000000e+04 8.254800000000000182e+01 2.361809410000000000e+08
7.540100000000000000e+04 6.304500000000000171e+01 1.057639708000000000e+09
7.543800000000000000e+04 4.676769999999999783e+01 5.426820630000000000e+08
7.544800000000000000e+04 5.598969999999999914e+01 5.784315610000000000e+08
7.546700000000000000e+04 4.695150000000000290e+01 8.162228100000000000e+07
7.547000000000000000e+04 2.011060000000000159e+01 9.028874800000000000e+07
7.547400000000000000e+04 1.897100000000000009e+01 1.010470408000000000e+09
7.547700000000000000e+04 5.985909999999999798e+01 6.864624530000000000e+08
7.547700000000000000e+04 6.671999999999999886e+01 7.483052120000000000e+08
7.547800000000000000e+04 2.969940000000000069e+01 2.485560440000000000e+08
7.555100000000000000e+04 4.582589999999999719e+01 2.888422550000000000e+08
7.555200000000000000e+04 6.895090000000000430e+01 5.993348970000000000e+08
7.559700000000000000e+04 8.047870000000000346e+01 6.588138830000000000e+08
7.561000000000000000e+04 2.599139999999999873e+01 1.064930972000000000e+09
7.561100000000000000e+04 7.984510000000000218e+01 1.062149888000000000e+09
7.562900000000000000e+04 3.290520000000000067e+01 1.170388358000000000e+09
7.565000000000000000e+04 7.447979999999999734e+01 2.002342770000000000e+08
7.568400000000000000e+04 8.685660000000000025e+01 1.120828440000000000e+09
7.568600000000000000e+04 2.718809999999999860e+01 2.418264710000000000e+08
7.568700000000000000e+04 5.709369999999999834e+01 9.741960220000000000e+08
7.569600000000000000e+04 4.532809999999999917e+01 7.810873550000000000e+08
7.569900000000000000e+04 2.285800000000000054e+01 8.844091800000000000e+08
7.571200000000000000e+04 7.927949999999999875e+01 6.304039110000000000e+08
7.573700000000000000e+04 4.843959999999999866e+01 7.798825370000000000e+08
7.574900000000000000e+04 1.684769999999999968e+01 2.345347880000000000e+08
7.575900000000000000e+04 7.852190000000000225e+01 7.153697560000000000e+08
7.576000000000000000e+04 4.498279999999999745e+01 4.110024510000000000e+08
7.576200000000000000e+04 2.692670000000000030e+01 7.283320330000000000e+08
7.577100000000000000e+04 6.347200000000000131e+01 1.198782348000000000e+09
7.577300000000000000e+04 8.929940000000000566e+01 1.211258146000000000e+09
7.579200000000000000e+04 4.394689999999999941e+01 2.944307900000000000e+07
7.587000000000000000e+04 4.334250000000000114e+01 4.598309520000000000e+08
7.587000000000000000e+04 3.360490000000000066e+01 7.474987240000000000e+08
7.587800000000000000e+04 5.213450000000000273e+01 5.010032300000000000e+08
7.588700000000000000e+04 3.967660000000000053e+01 2.389768320000000000e+08
7.589200000000000000e+04 3.684819999999999851e+01 3.882818040000000000e+08
7.591800000000000000e+04 3.970280000000000342e+01 3.055205720000000000e+08
7.592000000000000000e+04 7.712850000000000250e+01 1.953668490000000000e+08
7.592400000000000000e+04 8.284000000000000341e+01 7.716879340000000000e+08
7.592800000000000000e+04 5.565760000000000218e+01 1.142687040000000000e+09
7.594700000000000000e+04 5.405749999999999744e+01 9.193162900000000000e+08
7.601800000000000000e+04 4.971300000000000097e+01 7.044857340000000000e+08
7.605500000000000000e+04 4.029330000000000211e+01 2.887351960000000000e+08
7.605500000000000000e+04 5.464289999999999736e+01 9.616225590000000000e+08
7.605800000000000000e+04 3.182989999999999853e+01 9.577243760000000000e+08
7.609800000000000000e+04 8.235790000000000077e+01 7.506220720000000000e+08
7.623200000000000000e+04 7.111700000000000443e+01 1.325750650000000000e+08
7.667300000000000000e+04 2.236240000000000094e+01 8.049927100000000000e+07
7.673400000000000000e+04 4.052199999999999847e+01 4.370685680000000000e+08
7.679700000000000000e+04 3.445179999999999865e+01 2.877033000000000000e+07
7.689700000000000000e+04 5.441310000000000002e+01 4.499542790000000000e+08
7.689700000000000000e+04 7.819710000000000605e+01 6.053385130000000000e+08
7.690000000000000000e+04 5.271079999999999899e+01 1.005193698000000000e+09
7.690300000000000000e+04 5.176339999999999719e+01 7.627576860000000000e+08
7.704200000000000000e+04 4.428820000000000334e+01 2.829020900000000000e+07
7.709200000000000000e+04 5.116870000000000118e+01 3.036478010000000000e+08
7.709200000000000000e+04 5.952859999999999729e+01 1.043814699000000000e+09
7.710300000000000000e+04 4.470530000000000115e+01 1.210312600000000000e+07
7.710700000000000000e+04 3.750180000000000291e+01 6.751458700000000000e+08
7.710900000000000000e+04 3.946419999999999817e+01 1.084875150000000000e+08
7.715000000000000000e+04 2.850639999999999930e+01 5.338486100000000000e+08
7.717600000000000000e+04 8.487479999999999336e+01 9.917503040000000000e+08
7.721800000000000000e+04 3.024220000000000041e+01 1.303784080000000000e+08
7.723500000000000000e+04 5.185289999999999822e+01 8.786741130000000000e+08
7.726300000000000000e+04 5.412749999999999773e+01 3.085327550000000000e+08
7.733500000000000000e+04 8.844880000000000564e+01 1.813541410000000000e+08
7.734400000000000000e+04 3.462129999999999797e+01 2.453720240000000000e+08
7.734500000000000000e+04 5.288960000000000150e+01 2.157098600000000000e+08
7.742800000000000000e+04 6.492340000000000089e+01 6.481361500000000000e+08
7.746600000000000000e+04 4.147039999999999793e+01 2.906565200000000000e+07
7.746600000000000000e+04 7.208530000000000371e+01 9.165116510000000000e+08
7.747400000000000000e+04 4.056710000000000349e+01 3.015521370000000000e+08
7.752000000000000000e+04 8.417409999999999570e+01 8.741813520000000000e+08
7.752600000000000000e+04 3.198329999999999984e+01 1.451442070000000000e+08
7.752900000000000000e+04 6.115570000000000306e+01 6.128613480000000000e+08
7.755700000000000000e+04 4.017450000000000188e+01 2.971338100000000000e+08
7.757400000000000000e+04 3.782000000000000028e+01 7.469174320000000000e+08
7.758400000000000000e+04 5.841949999999999932e+01 1.146895867000000000e+09
7.771500000000000000e+04 6.517029999999999745e+01 9.408072300000000000e+07
7.777300000000000000e+04 5.045879999999999654e+01 5.753145870000000000e+08
7.777900000000000000e+04 4.108290000000000219e+01 1.177496836000000000e+09
7.778500000000000000e+04 6.116649999999999920e+01 9.181378130000000000e+08
7.779100000000000000e+04 4.581000000000000227e+01 8.248714790000000000e+08
7.790600000000000000e+04 8.674269999999999925e+01 1.100316461000000000e+09
7.794200000000000000e+04 5.069360000000000355e+01 1.211145573000000000e+09
7.795100000000000000e+04 4.605830000000000268e+01 4.934627140000000000e+08
