16.5 0.851496 0.00279902
17.5 0.874422 0.00293872
18.5 0.89468 0.00310701
19.5 0.907032 0.00326951
20.5 0.910802 0.00345578
21.5 0.913639 0.00366426
22.5 0.916593 0.00387175
23.5 0.917995 0.00411833
24.5 0.921886 0.00434795
25.5 0.921463 0.00462725
26.5 0.924822 0.00489462
27.5 0.928967 0.005197
28.5 0.92592 0.00550891
29.5 0.92708 0.00583192
32.5 0.929213 0.00308661
37.5 0.93226 0.00412762
42.5 0.932387 0.00551998
47.5 0.925738 0.00734639
52.5 0.925131 0.0102329
57.5 0.91801 0.0141069
65 0.922806 0.0153177
75 0.906593 0.0302614
85 0.906593 0.0780869
