1.650000000000000000e+01 8.194267153739929199e-01
1.750000000000000000e+01 8.231617212295532227e-01
1.850000000000000000e+01 8.282605409622192383e-01
1.950000000000000000e+01 8.324646949768066406e-01
2.050000000000000000e+01 8.292998671531677246e-01
2.150000000000000000e+01 8.330957293510437012e-01
2.250000000000000000e+01 8.758523464202880859e-01
2.350000000000000000e+01 8.742373585700988770e-01
2.450000000000000000e+01 8.730420470237731934e-01
2.550000000000000000e+01 8.730823993682861328e-01
2.650000000000000000e+01 8.686832785606384277e-01
2.750000000000000000e+01 8.694399595260620117e-01
2.850000000000000000e+01 8.696965575218200684e-01
2.950000000000000000e+01 8.650988936424255371e-01
3.050000000000000000e+01 8.632711172103881836e-01
3.150000000000000000e+01 8.601250648498535156e-01
3.250000000000000000e+01 8.584703207015991211e-01
3.350000000000000000e+01 8.567680120468139648e-01
3.450000000000000000e+01 8.573641777038574219e-01
3.550000000000000000e+01 8.564848899841308594e-01
3.650000000000000000e+01 8.494855761528015137e-01
3.750000000000000000e+01 8.475632071495056152e-01
3.850000000000000000e+01 8.479604721069335938e-01
3.950000000000000000e+01 8.448151350021362305e-01
4.050000000000000000e+01 8.415185213088989258e-01
4.150000000000000000e+01 8.398732542991638184e-01
4.250000000000000000e+01 8.370923399925231934e-01
4.350000000000000000e+01 8.380624055862426758e-01
4.450000000000000000e+01 8.362006545066833496e-01
4.550000000000000000e+01 8.310018181800842285e-01
4.650000000000000000e+01 8.294162154197692871e-01
4.750000000000000000e+01 8.302201628684997559e-01
4.850000000000000000e+01 8.309888243675231934e-01
4.950000000000000000e+01 8.302174806594848633e-01
5.050000000000000000e+01 8.262048363685607910e-01
5.150000000000000000e+01 8.262742757797241211e-01
5.250000000000000000e+01 8.281975388526916504e-01
5.350000000000000000e+01 8.284199237823486328e-01
5.450000000000000000e+01 8.286191225051879883e-01
5.550000000000000000e+01 8.248978853225708008e-01
5.650000000000000000e+01 8.301264047622680664e-01
5.750000000000000000e+01 8.292582631111145020e-01
5.850000000000000000e+01 8.318545222282409668e-01
5.950000000000000000e+01 8.296069502830505371e-01
6.050000000000000000e+01 8.315686583518981934e-01
6.150000000000000000e+01 8.342467546463012695e-01
6.250000000000000000e+01 8.349683880805969238e-01
6.350000000000000000e+01 8.414489626884460449e-01
6.450000000000000000e+01 8.447512388229370117e-01
6.550000000000000000e+01 8.443462848663330078e-01
6.650000000000000000e+01 8.490937352180480957e-01
6.750000000000000000e+01 8.533412218093872070e-01
6.850000000000000000e+01 8.555434346199035645e-01
6.950000000000000000e+01 8.622509837150573730e-01
7.050000000000000000e+01 8.655577301979064941e-01
7.150000000000000000e+01 8.699185848236083984e-01
7.250000000000000000e+01 8.721110224723815918e-01
7.350000000000000000e+01 8.752184510231018066e-01
7.450000000000000000e+01 8.786810040473937988e-01
7.550000000000000000e+01 8.856157064437866211e-01
7.650000000000000000e+01 8.838446736335754395e-01
7.750000000000000000e+01 8.894177675247192383e-01
7.850000000000000000e+01 8.893575072288513184e-01
7.950000000000000000e+01 8.912026882171630859e-01
8.050000000000000000e+01 8.899857997894287109e-01
8.150000000000000000e+01 8.956529498100280762e-01
8.250000000000000000e+01 8.922936320304870605e-01
8.350000000000000000e+01 8.915815353393554688e-01
8.450000000000000000e+01 8.934919238090515137e-01
8.550000000000000000e+01 8.948460817337036133e-01
8.650000000000000000e+01 8.936520218849182129e-01
8.750000000000000000e+01 8.934436440467834473e-01
8.850000000000000000e+01 8.911334872245788574e-01
8.950000000000000000e+01 8.859980702400207520e-01
