16.5 0.689885 0.0031404
17.5 0.706779 0.00330317
18.5 0.724132 0.00348324
19.5 0.735823 0.00366354
20.5 0.743225 0.00386941
21.5 0.754289 0.00409132
22.5 0.830563 0.00430252
23.5 0.835575 0.00453157
24.5 0.844971 0.00478781
25.5 0.852365 0.00506448
26.5 0.857503 0.00535403
27.5 0.864749 0.00562606
28.5 0.869901 0.0059426
29.5 0.875689 0.00632026
32.5 0.880722 0.00332452
37.5 0.890131 0.00443177
42.5 0.900581 0.00598878
47.5 0.903682 0.00803738
52.5 0.907903 0.0109012
57.5 0.912277 0.0148462
65 0.908291 0.0163278
75 0.908291 0.0323085
85 0.908291 0.0691714
