16 0.836375
17 0.860098
18 0.868901
19 0.892809
20 0.899449
21 0.894780
22 0.894745
23 0.890482
24 0.892426
25 0.884176
26 0.874385
27 0.873903
28 0.866205
29 0.863804
30 0.851094
31 0.855422
32 0.848388
33 0.839728
34 0.839060
35 0.831362
36 0.820752
37 0.826137
38 0.801473
39 0.802027
40 0.792151
41 0.797265
42 0.782478
43 0.780594
44 0.769751
45 0.775114
46 0.765388
47 0.756753
48 0.751906
49 0.749693
50 0.742431
51 0.743828
52 0.738454
53 0.733177
54 0.732401
55 0.729817
56 0.719541
57 0.721830
58 0.718011
59 0.722874
60 0.712464
61 0.708607
62 0.715575
63 0.719019
64 0.716430
65 0.709704
66 0.717854
67 0.707898
68 0.714793
69 0.715661
70 0.715286
71 0.735574
72 0.742847
73 0.732181
74 0.738318
75 0.746792
76 0.767129
77 0.774932
78 0.775607
79 0.791956
80 0.791275
81 0.805544
82 0.812584
83 0.825568
84 0.841509
85 0.833630
86 0.847991
87 0.845452
88 0.856917
89 0.862241
