16.5 0.842843 0.00283802
17.5 0.85 0.00300168
18.5 0.853548 0.0031713
19.5 0.860984 0.003362
20.5 0.863747 0.00355636
21.5 0.866244 0.00377479
22.5 0.914498 0.00397659
23.5 0.916726 0.00420658
24.5 0.917709 0.00445193
25.5 0.918073 0.00482507
26.5 0.921558 0.00513401
27.5 0.923987 0.00539768
28.5 0.922783 0.00576046
29.5 0.925691 0.00606819
32.5 0.927594 0.00321067
37.5 0.92749 0.00434487
42.5 0.926817 0.00590333
47.5 0.922921 0.00808558
52.5 0.918253 0.0111546
57.5 0.923873 0.0156961
65 0.922806 0.0175763
75 0.906593 0.03625
85 0.906593 0.0936586
