 21292  40.1101303
 21588  68.2733688
 21698  52.6969261
 22013  89.4490051
 22020  40.9596481
 22277  85.5563965
 22327  49.3816147
 22506  36.7938538
 22507  78.2274933
 22510  48.0965843
 23198  34.2999725
 23208  47.9354782
 23417  73.2455292
 23670  61.9411011
 23736  67.7052078
 23840  24.9580822
 23842  85.9523849
 24100  20.7057076
 24116  85.2973175
 24509  49.3160324
 24635  64.4094925
 24730  62.2921867
 24799  27.9651756
 24961  25.500082
 24986  89.7175446
 25139  89.2787857
 25188  18.6277161
 25264  84.58992
 25275  44.6187134
