 21226  88.201683
 21424  75.1641541
 21668  34.1554489
 21685  59.7757683
 21687  52.6557999
 21698  42.7245255
 21699  61.2760506
 21699  42.7115631
 21701  32.9969406
 21702  79.8220291
 21832  30.0261326
 21839  47.887352
 21877  17.9110661
 21926  62.0340691
 21972  36.900486
 21986  47.4998436
 21993  22.6978264
 22068  70.2415161
 22121  21.7904587
 22236  25.6176224
 22238  50.3364449
 22238  40.1703835
 22245  44.2813377
 22253  40.0804672
 22285  18.27211
 22292  43.8796768
 22327  38.6315308
 22339  26.4610329
 22395  44.4499664
 22416  21.2186775
 22454  24.2626076
 22473  77.7788849
 23177  56.5681534
 23178  85.1173401
 23193  34.9449692
 23199  44.3708649
 23215  30.0272064
 23236  34.5251961
 23245  43.256321
 23320  43.0018616
 23333  52.6220055
 23355  37.8458748
 23363  56.2635078
 23375  79.9591599
 23435  49.6122131
 23474  71.8572006
 23586  51.9390984
 23597  37.2549744
 23640  62.9182243
 23642  86.9585495
 23663  45.4762001
 23663  47.2916679
 23665  46.329998
 23694  47.7122078
 23813  54.849926
 23819  45.0297203
 23824  32.6961594
 23841  44.6011543
 23874  38.428791
 23981  61.4254723
 23985  38.8379707
 23987  42.0183411
 23987  69.3369598
 24020  65.6640854
 24073  23.5811119
 24093  48.2751846
 24108  41.6011505
 24108  51.4599419
 24108  36.2518845
 24113  34.3451881
 24113  26.7160187
 24252  36.6974335
 24316  84.4406281
 24343  22.7818604
 24374  55.928772
 24381  88.6659012
 24392  35.9262619
 24394  46.4764671
 24456  83.1651306
 24462  31.0987797
 24482  59.0628128
 24502  19.3263054
 24505  29.4991531
 24510  36.5974312
 24535  89.5136871
 24542  84.9220963
 24589  37.0169983
 24658  53.5548897
 24759  85.156868
 24800  44.7525902
 24808  22.4973602
 24838  29.547678
 24848  25.4693966
 24853  66.1529465
 24860  22.3906441
 24909  40.6063194
 24940  83.1931076
 24942  52.0405006
 24946  47.1169014
 24958  44.9965019
 24961  55.8634872
 24961  24.2430897
 24997  55.7519989
 25052  57.8057594
 25052  66.3673553
 25081  38.3423195
 25112  18.5754642
 25114  53.5973015
 25116  51.6957779
 25235  61.7020302
 25242  88.9304886
 25244  57.8540268
 25249  38.2918777
 25258  65.5543365
 25258  42.6393394
 25273  53.4975433
 25276  67.8979797
 25312  34.9178276
 25321  27.7356415
 25346  28.6611404
 25456  24.0828514
 25456  45.1886253
 25588  65.7092209
 25610  87.7862091
 25611  32.0190125
 25614  50.4207993
 25637  49.1160164
 25698  40.4807472
 25726  77.3096848
