85220 8.36956
85239 9.50738
85240 8.18119
85240 9.49987
85240 8.06907
85240 10.2592
85242 9.80946
85244 8.82409
85244 8.49058
85244 8.54698
85258 9.28779
85258 8.50832
85259 8.58754
85259 9.03966
85259 12.7686
85259 8.45805
85266 8.8933
85266 10.8701
85279 8.97057
85280 8.48773
85280 9.02804
85281 8.47332
85282 8.64577
85282 8.28131
85286 8.91711
85286 8.69096
85295 10.8008
85295 9.84934
85305 8.05623
85305 8.31272
85305 40.5959
85305 10.3866
85309 18.807
85311 8.38716
85312 8.42554
85313 8.9916
85313 9.04396
85313 9.63071
85315 8.728
85319 8.28286
85321 9.4602
85321 9.06614
85323 9.18287
85323 8.5476
85323 10.1683
85329 8.29433
85334 9.64388
85350 9.28394
85350 10.2638
85350 8.08651
85350 8.42861
85350 10.5646
85350 9.71012
85357 10.989
85366 8.22927
85368 11.0224
85392 9.68376
85403 10.1633
85403 8.52454
85405 75.6524
85406 8.0741
85406 8.80554
85414 9.66563
85414 9.19572
85456 8.07458
85456 8.33922
85458 9.06754
85461 8.13221
85469 9.81456
85471 9.05056
85471 9.03625
85471 8.52805
85471 8.73627
85487 8.10779
85487 9.12549
85487 8.86293
85489 8.26629
85495 8.86709
85495 8.02822
85495 9.6938
85527 9.19383
85528 8.42729
85528 8.73617
85529 8.05979
85529 8.26677
85530 8.41334
85531 8.19124
85531 8.88174
85532 8.46155
85532 8.65236
85532 9.45187
85533 8.30397
85534 8.51849
85674 8.20808
85674 8.159
85674 11.8527
85720 8.67063
85720 8.94246
85720 8.66242
85834 8.41815
85840 12.0538
85963 8.12125
86247 8.67811
86247 8.19653
86261 8.37797
86264 9.48455
86311 9.10091
86312 9.18241
86312 9.8756
86312 8.93919
86312 9.32436
86404 11.2236
86490 8.23526
86490 8.97178
86555 8.50058
86652 9.36906
86703 9.89988
86703 10.5295
86722 9.88224
86722 9.55025
86722 8.84799
86740 9.80763
86973 8.13129
87040 8.27255
