85220 9.8331
85221 8.02199
85221 9.45908
85223 8.25465
85266 8.38864
85270 9.485
85279 9.02843
85280 8.97005
85282 8.58455
85289 8.16289
85290 8.76621
85292 13.1108
85310 8.70889
85310 8.21647
85313 8.62576
85322 8.20797
85323 9.4566
85334 8.05703
85374 12.3522
85376 8.01703
85392 8.47449
85392 10.0792
85392 8.02926
85392 8.01742
85401 12.6129
85405 12.4908
85457 8.20869
85461 8.50201
85471 10.2287
85471 8.48136
85490 8.52861
85492 8.03511
85492 8.99096
85494 8.62997
85529 9.92665
85531 8.32163
85533 9.82684
85533 8.99112
85534 9.25692
85537 9.63282
85551 8.06986
85553 8.00694
85554 9.96644
85555 9.09964
85556 9.36655
85559 11.248
85559 8.98522
85559 9.56744
85561 8.01096
85634 8.33457
85674 8.12136
85687 8.7741
85688 8.90836
85699 10.4991
85699 8.18886
85700 8.02898
85709 8.52283
85709 8.1895
85712 9.72726
85718 8.00237
85720 8.00732
85736 8.28942
85745 8.04485
85747 8.02693
85750 8.54196
85753 8.12939
85758 8.80373
85760 8.20305
85765 42.7321
85766 9.73216
85777 8.04124
85779 8.76799
85783 11.192
85786 8.60682
85786 9.02598
85790 9.40778
85790 9.34559
85790 12.0014
85792 8.35683
85792 8.11304
85795 8.17733
85805 10.2655
85809 8.2127
85815 8.30389
85819 9.72509
85819 9.527
85820 8.00893
85836 9.04185
85838 8.65614
85846 8.3734
85849 8.13463
85850 9.13866
85857 11.132
85860 11.581
85860 8.20138
85869 8.2798
85895 8.00533
85895 10.0281
85896 9.34667
85896 8.03554
85898 8.63163
85898 12.2157
85902 11.8464
85906 9.13325
85907 9.92468
85908 8.27175
85909 8.31463
85909 8.08811
85914 8.17313
85936 11.1347
85937 8.19641
85949 8.68311
85955 8.61132
85966 8.26275
85982 9.29154
85984 8.63456
85985 8.1542
85988 10.8143
85988 11.954
85989 8.2319
85989 8.60487
85990 10.5942
85991 9.30949
86045 9.05891
86045 8.19162
86045 8.56847
86054 9.87644
86058 8.10889
86062 8.32749
86063 9.95203
86074 9.65984
86075 9.57842
86080 10.5368
86080 8.63391
86082 8.02787
86101 9.11261
86105 10.6492
86175 8.04662
86176 8.47966
86176 10.8064
86177 8.45998
86177 9.16174
86180 8.55455
86180 8.00284
86183 8.63372
86222 8.6496
86245 9.69095
86245 9.59207
86246 8.28745
86250 9.4683
86260 8.78809
86276 8.02946
86276 10.9674
86277 9.49932
86279 8.02096
86279 9.13562
86279 8.78566
86299 8.33504
86316 10.842
86337 9.71816
86339 8.03036
86340 8.67163
86342 8.17184
86342 10.9553
86348 14.598
86352 8.9269
86353 8.00595
86357 13.7582
86358 9.54549
86358 8.99907
86360 8.3104
86362 9.35207
86362 8.04538
86363 8.63023
86384 8.94415
86384 9.59576
86392 8.05406
86394 8.88042
86396 8.36623
86396 8.24522
86404 8.01226
86412 11.1081
86413 8.09695
86414 10.4672
86427 14.5131
86428 11.4207
86448 8.0513
86453 9.71198
86454 11.1325
86459 8.16472
86459 9.52182
86462 8.00272
86467 9.88054
86473 9.1492
86482 9.732
86484 8.48173
86484 8.76741
86523 8.06794
86525 9.74214
86526 12.2487
86529 8.22263
86532 14.7051
86546 8.01968
86553 8.00471
86579 8.04363
86580 8
86580 8.3247
86596 9.78393
86601 8.85455
86603 9.46264
86608 9.77627
86611 9.02521
86611 10.1366
86613 11.2761
86613 8.19781
86615 8.87225
86617 9.821
86651 8.14347
86651 10.6271
86655 8.01176
86665 9.71112
86666 8.79838
86667 9.49782
86669 8.51449
86669 9.65786
86689 11.7208
86689 8.45927
86696 9.62585
86697 10.6185
86703 9.00182
86703 9.53781
86705 10.3347
86705 8.04117
86722 8.04187
86723 8.96215
86723 10.2074
86726 8.11494
86726 8.95209
86729 9.17269
86739 8.01112
86739 8.16003
86933 9.58118
87069 8.72785
87073 8.1195
87073 9.67253
87074 8.0471
87077 9.8402
87077 9.62648
87078 8.83954
87078 25.8755
87078 8.52027
87089 8.11338
87100 8.19673
87108 8.26624
87111 9.32778
87114 8.0782
87115 9.32308
87124 10.7895
87131 8.97298
87132 9.18649
87211 8.95004
87212 8.62494
