85220 13.7546 0.889535 1265.01 1011.26 82303030
85220 8.71736 0.948749 620.562 404.971 173420280
85220 12.5784 0.139814 329.397 276.556 228960648
85220 8.73597 -0.725636 2119.58 1451.57 574324921
85220 8.96987 0.000609666 2036.51 623.485 890813177
85220 9.34123 0.497795 763.972 547.787 914845126
85220 10.0472 -0.981302 385.505 344.735 1015881676
85220 9.38973 -0.683627 3250.01 549.838 1045000577
85220 8.13897 0.106208 1017.72 573.465 1054947393
85220 8.4782 0.345394 403.884 220.869 1213826748
85221 8.45552 0.606462 253.045 249.228 285591567
85222 8.58505 0.567394 495.769 373.5 150690091
85223 8.53679 -0.704075 548.636 403.867 217028624
85223 8.44116 0.609614 250.152 226.34 455783418
85223 13.8388 -0.92081 3399.59 517.019 647145023
85223 9.65968 0.968189 1432.79 746.177 649926165
85223 10.3303 -0.131581 538.164 264.519 661878467
85223 9.35527 -0.499415 235.727 205.99 747476146
85223 8.52398 0.0417639 274.549 216.103 956374188
85225 8.37841 -0.785829 2825.08 574.664 217361670
85225 8.39621 0.899791 1604.12 455.039 233190670
85225 9.59468 0.570297 1192.35 1188.41 586683962
85225 9.9043 -0.416978 236.956 210.51 619333399
85225 8.34942 0.5406 1846.76 837.579 781444945
85225 8.35655 -0.815078 729.001 623.596 964221375
85235 9.79697 -0.145219 3014.85 623.129 45695437
85239 9.56596 -0.953462 1752.87 237.307 267415382
85240 12.8684 -0.66366 1406.42 1072.26 87367747
85240 8.56691 0.21907 313.941 307.626 552039246
85240 10.2948 -0.69646 605.616 462.175 611787091
85240 8.97226 -0.076201 1380.14 419.068 717002414
85240 8.165 0.818597 514.004 348.429 956879871
85240 8.80857 0.992228 1806.95 618.692 1026016598
85240 8.23518 0.770184 383.194 209.22 1031807366
85240 9.71371 -0.728436 1123.22 217.949 1121111060
85240 9.38294 0.403221 297.21 218.504 1167123432
85240 8.59949 0.680901 1831.22 232.531 1188289856
85242 9.62621 0.80366 255.74 203.2 247701201
85242 8.94112 -0.978112 284.483 263.584 299505218
85242 8.67122 0.332696 2339.97 217.643 433679073
85242 10.1391 0.670585 1214.25 971.64 538677222
85242 8.17449 -0.66599 1232.94 550.336 1152604484
85242 8.56682 0.18449 612.217 382.478 1214388565
85243 14.1765 -0.865552 1358.87 548.817 9760732
85243 8.12118 0.546568 1429.12 505.663 65734012
85243 11.1193 -0.993679 1805.5 1028.07 335529902
85243 12.6983 -0.304931 622.187 563.762 415548600
85244 8.18809 0.535618 936.38 473.428 296854922
85244 8.76394 0.393888 864.78 559.268 710744845
85244 8.51577 0.516248 3376.32 549.073 767641534
85244 8.6715 0.289177 998.971 292.356 823793152
85244 9.10687 -0.516964 283.838 244.823 908186937
85254 8.35581 -0.639852 1334.46 1331.35 226067281
85258 9.66835 -0.994339 1999.09 641.136 376209595
85258 8.51598 -0.664368 217.311 202.573 597127603
85258 8.59564 0.64974 269.28 226.471 693930395
85259 8.73022 -0.102833 1115.19 706.191 826964166
85266 8.70554 0.265394 1713.69 568.786 121197638
85267 9.87971 -0.503998 2840.31 700.906 329684708
85267 9.65627 0.954387 484.788 356.462 597988766
85267 9.17013 -0.510635 689.718 455.216 622418752
85267 12.2379 -0.0702485 1474.57 495.29 760162073
85267 8.86214 -0.619467 225.998 211.327 1079641529
85267 8.88854 0.71708 1454.75 333.637 1251339261
85267 8.02693 -0.0844248 1195.45 729.141 1276041338
85267 8.48989 -0.768834 1484.6 820.718 1343366285
85268 8.04243 0.563494 796.769 619.059 17609248
85268 9.13885 0.516843 2581.29 273.983 813404467
85268 8.93888 0.345436 1929.03 870.617 1076783061
85268 9.59352 0.213681 1292.27 909.203 1117322784
85270 13.2574 0.852887 2319.71 604.052 593525343
85270 8.83865 0.991788 746.746 734.34 892557120
85270 12.904 -0.359456 1607.75 296.246 1030517807
85270 8.86572 0.914518 1623.32 958.294 1164360976
85279 9.1492 -0.690283 2390.12 851.597 17559152
85279 11.7703 0.983024 833.352 544.208 181277747
85279 8.64486 0.157522 508.31 262.934 524435543
85279 8.82836 -0.165641 510.674 472.452 647312074
85279 8.28429 0.98754 1755.21 536.169 666148893
85279 8.12475 0.467968 1611.27 637.495 687432697
85279 8.3901 0.99375 1440.7 829.292 1218089110
85280 10.888 0.987131 1888.96 820.609 131018439
85280 9.75371 -0.724805 249.507 246.972 435506039
85280 14.9872 -0.457579 340.331 213.595 544001627
85280 8.62598 -0.741099 3209.46 714.896 771234416
85280 8.91587 0.766669 1814.14 338.267 1108521392
85281 51.3253 -0.720042 842.258 394.237 37581933
85281 8.26248 0.747523 234.428 222.315 502330846
85281 8.13342 0.275471 1716.19 310.666 533134421
85281 8.79929 0.414513 509.497 246.68 742640977
85281 10.4109 0.96941 2366.43 1117.12 973696956
85281 8.76532 -0.174124 845.096 613.352 1207704342
85281 8.92949 0.962183 1127.43 910.618 1228969411
85282 8.56912 0.866056 418.489 387.335 334460597
85282 9.15164 -0.552705 796.498 524.448 373052592
85282 8.11855 0.135484 253.845 241.144 459918991
85282 13.2101 0.831107 847.174 466.688 483245679
85282 9.66969 0.715872 2781.14 338.466 503912482
85282 9.11155 0.833521 1436.99 769.747 520886376
85282 11.0586 0.983722 385.281 343.449 569276437
85282 9.91896 0.598033 1311.38 384.393 642435852
85282 10.8689 -0.898674 221.043 207.665 948522945
85286 9.61444 0.25819 2930.18 557.105 1156445093
85286 8.49853 0.456136 851.029 584.243 1234085902
85286 10.2135 0.301601 1688.29 1613.47 1367375737
85289 11.7234 0.314056 463.922 270.727 83119613
85289 8.29895 0.857746 2107.02 923.182 147190512
85289 11.9189 0.786534 561.07 254.86 249764391
85289 8.82448 0.689353 547.708 519.633 531051650
85289 8.53932 0.481995 2012.34 405.203 1111783131
85289 14.8384 0.980522 2254.19 1190.21 1137178103
85289 9.4062 -0.10857 1630.89 522.263 1191757556
85289 8.5417 0.0238624 610.713 369.965 1192849648
85290 79.5233 0.400543 2000.91 1247.08 637271279
85290 8.13452 -0.434411 585.129 514.465 699764831
85291 33.546 -0.00372831 872.987 543.863 46482973
85291 8.98674 0.221914 2625.07 525.981 798147719
85291 8.53521 0.992029 2548.9 267.752 809457915
85291 8.71227 0.568808 1957.2 266.833 872924417
85291 8.81741 0.881171 749.657 712.907 951089223
85292 9.46761 0.254402 1395.92 501.543 249016766
85294 9.32481 -0.29033 214.414 202.223 741136188
85294 10.3061 0.961009 2452.31 586.671 810315165
85294 8.66758 0.0368537 1854.39 265.885 1267400335
85295 12.2492 -0.702851 1514.07 468.671 115612061
85295 8.6194 0.0907347 482.873 431.997 377410992
85295 8.29302 0.486153 536.256 507.108 573334703
85295 9.04153 -0.299436 3402.31 342.257 969264062
85297 8.37329 0.944955 1571.29 685.59 66698572
85297 9.92477 -0.446088 494.134 245.712 428683338
85297 8.78434 -0.611576 2450.28 320.925 438906681
85297 47.8467 -0.219943 2500.01 688.955 663498327
85305 9.70517 0.943064 1921.64 1516.49 128506584
85305 9.49914 0.730715 3062.31 363.209 246572593
85305 14.6066 0.994806 1269.79 586.034 285294231
85305 35.4393 0.620255 2340.48 649.709 314575693
85305 15.1662 -0.216704 1815.1 420.496 394378143
85305 9.42397 -0.472957 1140.26 212.521 449701360
85305 14.4874 0.974525 3405.56 480.189 557226950
85305 9.74553 0.834131 2115.68 595.535 576457285
85305 8.06551 0.889844 1402.82 556.527 689615024
85305 8.19861 -0.93031 1672.44 565.697 835254521
85305 8.35394 -0.691177 2384.25 1635.89 849542787
85305 11.4738 0.218826 386.604 265.146 925067095
85307 8.4699 0.868706 1191.78 852.072 279132096
85309 8.69188 -0.933218 3522.26 328.187 344772872
85309 13.3065 0.556208 1686.17 271.222 764992621
85309 8.75464 0.962309 602.839 302.07 885682329
85309 8.7689 -0.25299 752.276 542.188 1078822220
85309 8.13125 0.945652 1852.55 766.211 1120440221
85310 10.8178 -0.252301 1490.9 229.106 103021506
85310 14.4858 0.186677 2560.08 585.706 250484472
85310 8.21479 0.92735 1629.7 836.063 612341161
85310 8.79217 0.305156 318.024 215.095 669982952
85310 9.22165 0.593579 1815.61 812.875 1338630261
85311 35.9847 0.0558434 1661.11 1435.32 56032774
85311 8.84942 -0.608351 218.852 211.019 58128277
85311 63.7733 0.173168 1331.2 1103.22 177839981
85311 9.51419 0.559662 285.967 215.917 198312948
85311 8.26779 -0.432703 443.371 406.491 459997135
85311 9.21614 0.456139 217.627 210.725 490531280
85311 8.43349 0.652792 1990.55 280.195 800821791
85311 14.0671 -0.847171 1563.64 359.461 1156038412
85311 9.24954 -0.265563 1736.32 373.025 1283493595
85311 11.537 -0.226056 624.423 359.306 1286491190
85311 9.30959 0.344011 2441.48 784.926 1305013796
85311 8.80797 0.474655 238.185 221.928 1403911163
85312 8.57391 0.575052 353.73 208.936 206341975
85312 8.36587 -0.507465 263.254 215.047 252357137
85312 8.38702 0.880662 2421.83 971.855 530997566
85312 10.2516 -0.501176 265.537 258.617 554266385
85312 10.337 0.311089 296.424 259.744 633199347
85312 11.1958 0.852808 1516.86 248.893 672147971
85312 10.4586 -0.572695 3104.73 372.564 1172396866
85312 10.142 0.922796 1512.32 274.37 1178973176
85312 8.18849 -0.667141 363.593 305.658 1442680261
85313 10.3734 -0.557597 568.386 334.274 193511327
85313 8.35686 -0.0445504 234.787 203.231 570247100
85313 10.4019 -0.665758 3368.92 394.463 1215385977
85313 12.6708 -0.63435 265.19 226.283 1314833068
85313 9.5734 0.242286 927.311 340.706 1426788442
85314 10.0357 -0.360399 2275.35 960.815 236840567
85314 8.63245 -0.0622062 988.839 488.302 361676859
85314 9.38652 -0.919317 648.794 242.173 482169692
85314 8.23685 0.926365 1601.87 574.124 1104758576
85314 9.18708 0.211122 1948.39 1154.55 1136031510
85314 8.75864 -0.0855293 300.788 240.226 1359581187
85314 8.90636 0.89202 1460.96 495.137 1385125984
85314 8.08125 0.157374 2132.77 1519.13 1435963010
85315 8.00843 0.973331 302.474 220.217 259333306
85315 9.74955 0.197319 691.041 289.059 338937430
85315 8.12215 -0.722782 2241.69 707.403 384655990
85316 8.63068 -0.221006 347.234 244.056 772996092
85316 8.75821 0.324088 2467.09 314.09 1133108972
85316 8.75155 -0.11749 452.041 289.625 1136453560
85319 8.29225 -0.961015 2573.68 225.048 341362843
85319 9.58516 -0.149702 1928.2 817.26 534779556
85319 10.411 0.45603 309.392 262.679 644795257
85319 8.05311 -0.282098 816.524 726.457 899464107
85319 8.44533 -0.117195 2708.19 811.558 1105945942
85321 8.79209 0.927094 2632.69 821.911 169594430
85321 9.0116 -0.543282 1609.58 911.861 379963885
85321 11.9892 0.976391 2174.63 623.264 1261344385
85321 11.4344 -0.612825 1366.91 846.226 1363990750
85321 9.10153 0.917767 1554.75 701.962 1393927987
85321 9.2771 -0.143633 2975.48 880.481 1472868473
85323 10.2031 0.592536 253.831 203.132 37485654
85323 8.94264 0.980477 1488.78 1078.13 453986706
85323 12.1329 -0.282529 366.41 258.462 511763744
85323 8.65805 0.16963 1364.44 689.133 1138849145
85323 12.4379 0.779574 875.961 377.889 1189510959
85329 9.58714 0.976025 306.796 232.76 18350714
85329 9.86375 -0.663853 788.563 355.512 128653673
85329 8.04673 -0.630828 1259.84 606.346 208781269
85329 8.93969 -0.50692 865.914 857.263 901119930
85329 8.22995 0.813211 3026.57 358.85 988207870
85333 8.18963 0.891353 2316.04 1384.68 348063170
85333 8.12567 0.800039 437.766 395.088 469392960
85333 8.07851 0.984742 3187.6 449.787 546001876
85333 8.12367 0.0725192 401.081 359.409 795040359
85333 9.14623 -0.287031 2100.88 991.027 966807035
85333 11.042 0.995286 288.691 204.946 1039988684
85333 8.39256 0.0870573 2236.33 629.918 1040165069
85333 9.59589 0.910275 2082.9 657.489 1083739377
85333 8.31102 -0.122474 1820.38 840.888 1228882243
85333 9.93837 0.660343 1745.74 631.633 1243324870
85334 8.93742 -0.812792 1161.51 345.016 56369021
85350 9.73822 -0.881955 3237.73 455.723 236627657
85350 10.0307 0.953778 2917.06 459.862 484054322
85350 20.9227 -0.996325 1237.72 990.882 543218702
85350 8.54113 0.819489 1032.02 542.309 741877520
85350 8.46676 0.661928 1236.99 609.008 774512264
85350 9.04046 -0.288288 2653.99 840.407 1016444010
85350 8.12872 -0.143813 942.651 654.141 1053456380
85350 9.17508 0.930042 689.164 482.124 1117473591
85357 8.70028 0.767492 1612.26 205.08 91216050
85365 9.97601 0.843431 2032.96 1029.52 30050386
85365 8.02278 0.109653 521.859 305.1 190878027
85365 11.1518 0.645197 1329.61 404.486 318571134
85372 12.0772 0.876441 769.484 357.218 82009204
85378 9.75724 0.764246 2020.44 644.408 93725882
85378 9.92766 -0.0644222 513.516 318.711 271357470
85378 9.04821 -0.720319 247.295 219.274 289519472
85392 8.05927 0.776915 1320.48 839.494 76168903
85392 10.1871 -0.143675 1039.27 574.366 159576419
85392 8.21152 -0.989542 2793.09 461.614 208304558
85392 12.6943 0.595349 1407.48 1012.86 261443135
85392 12.9495 -0.736084 1289.4 203.198 816254247
85392 8.78412 0.552271 801.426 400.132 907262845
85392 8.00214 0.634631 2107.41 213.097 1090070642
85392 9.21549 -0.436545 2732.78 327.805 1277665781
85392 9.17517 -0.966024 1027.66 406.986 1332912483
85392 15.2849 -0.86336 2431.32 1119.04 1405756753
85392 14.2878 0.990071 1850.06 398.13 1406482282
85392 8.56646 0.459308 3554.29 735.785 1521894792
85401 8.00757 0.0444444 238.448 212.719 481730595
85401 8.37935 -0.0315599 562.037 384.911 1491873136
85401 9.31297 0.114301 1487.22 612.023 1562349882
85401 8.48 0.0390067 1095.02 225.75 1563041087
85403 8.5414 -0.928236 376.405 288.15 93524861
85403 8.92739 -0.715083 312.406 206.571 169529683
85405 9.22508 0.577661 390.101 319.895 9099609
85405 10.2386 -0.572493 483.462 327.918 124353816
85405 14.7241 0.921071 1423.71 735.013 142468329
85405 27.697 0.581429 492.156 334.278 426126401
85405 9.99717 -0.60367 779.478 515.809 757383082
85406 9.85518 0.440309 786.659 462.833 302134512
85406 8.11694 -0.376283 1039.31 453.235 513423790
85406 8.65357 -0.52159 551.408 332.307 615973596
85406 10.2771 0.322431 366.406 294.611 909041650
85406 8.52123 0.228168 790.36 752.494 1129511187
85406 10.0535 -0.893364 2137.4 423.964 1595309068
85407 8.18606 0.601368 712.933 712.799 144904909
85407 8.10395 -0.998877 399.735 211.986 322077640
85414 8.29363 -0.940544 1483.59 836.935 666627164
85414 14.3078 0.714814 2048.65 1074.79 1317873990
85414 8.94042 -0.475132 791.707 399.089 1514645510
85414 9.46842 0.267007 2631.79 1139.54 1646688263
85456 8.22712 -0.831258 268.728 258.87 55615297
85456 9.44118 0.210899 1458.31 696.006 67096834
85456 9.76496 -0.719219 2033.85 501.124 75324193
85456 9.6328 -0.345133 342.211 281.474 94500836
85456 8.51503 0.976068 1900.13 1359.32 875213863
85456 8.14149 -0.961015 261.615 210.144 1329578141
85456 8.66794 0.819744 3179.72 769.114 1545610366
85456 8.51045 0.970178 857.716 742.926 1658397991
85456 8.22889 0.573085 636.068 591.26 1759761422
85457 8.28802 0.404708 1002.61 236.531 334941446
85457 15.9116 -0.476769 1522.19 450.897 423830261
85458 10.4443 0.424274 241.573 238.551 484863054
85458 9.69645 -0.424657 2682.09 788.685 501710534
85458 8.24958 0.743707 1315.26 970.299 907533629
85458 13.4305 0.987732 904.099 336.706 1015675212
85458 12.6385 -0.38588 1717.25 382.65 1204815814
85458 9.19848 0.0218373 2739.13 1241.62 1214633897
85461 11.4611 0.969369 1043.47 956.023 412144643
85461 8.40862 0.791205 311.497 243.238 627604574
85461 8.71902 -0.501313 1366.15 390.928 749010273
85461 9.73139 0.906311 891.523 392.673 764445345
85461 26.7498 -0.497294 1116.15 593.223 782931488
85461 10.0626 -0.326105 2498.48 710.059 869752841
85461 8.02012 0.391235 284.516 222.806 912086848
85461 8.45589 -0.474212 1135.9 649.838 1098754892
85461 8.33543 0.275163 3060.21 428.203 1276060105
85461 9.8109 0.476806 288.855 277.985 1345060017
85463 8.78879 -0.594847 228.843 228.192 274534942
85463 8.51004 0.923263 1902.53 498.659 428902205
85466 8.28818 0.991771 717.162 476.452 355240552
85466 10.5631 0.790796 1280.79 307.447 508938014
85466 9.10146 0.992177 434.523 314.006 582065086
85466 16.1661 0.119371 713.79 466.382 1260605252
85466 8.94771 -0.301842 1696.92 879.963 1433997853
85466 9.97418 -0.899072 315.883 209 1562572986
85466 8.17298 -0.135944 1838.21 551.087 1689245783
85467 8.85864 -0.799518 632.785 351.18 527138933
85467 8.62808 0.882519 543.827 447.179 664561182
85467 14.4652 0.966842 634.324 559.67 671552914
85467 9.89378 -0.0214811 443.352 257.285 710937735
85469 10.2156 -0.53505 718.199 642.723 309675214
85469 8.63046 0.90541 3016.56 569.187 372146417
85469 8.19134 -0.867859 1762.83 723.031 443052356
85469 8.10386 0.281983 259.963 245.365 464940575
85471 8.32115 0.0458159 1959.3 399.212 499044639
85471 8.21336 -0.0303415 1278.31 397.365 572450347
85471 8.20894 0.99383 1565.43 1385.69 755696133
85471 8.55833 -0.604559 2045.21 1444.83 1077955069
85471 8.66009 0.653913 1371.07 634.108 1218349016
85471 8.07878 -0.823692 1798.56 404.382 1434137414
85471 11.2018 0.483684 1408.87 815.975 1671478259
85471 9.26618 -0.970125 1802.92 813.352 1720449667
85487 10.5941 -0.0481511 1872.53 211.807 203001563
85487 8.42803 -0.802611 1806.72 1060.88 378383968
85487 8.48364 -0.336683 220.566 210.929 693195151
85487 8.54021 -0.470713 237.929 215.652 747917501
85487 9.42033 -0.65136 1231.5 560.842 886358643
85487 9.15828 -0.649938 1377.14 413.265 892446638
85487 8.37941 0.782649 1190.3 1115.54 1031178216
85487 9.00795 0.0345093 1441.13 842.22 1119354281
85487 12.4309 0.981001 1098.28 416.277 1264231081
85488 9.63419 0.761651 1476.58 267.727 203529714
85489 8.68714 -0.853777 1901.93 565.742 69351456
85489 9.72814 0.257675 565.422 355.2 215875685
85489 8.74159 -0.389207 2626.41 720.186 346554071
85489 13.2526 -0.848751 1697 446.471 419634733
85489 8.03445 -0.709013 374.664 355.103 444308836
85489 9.96628 0.826458 2576.52 775.359 452238758
85489 10.9108 0.970493 1420.43 1059.17 454909111
85489 8.34199 -0.255723 1714.18 589.013 486943925
85489 8.12725 0.911224 291.203 223.846 528056178
85489 8.0349 -0.102517 2194.07 1174.72 631798504
85490 8.0061 -0.995579 906.078 773.111 128879911
85490 11.756 -0.565847 275.418 259.845 134594478
85492 9.56505 0.824881 1405.2 854.268 420720670
85492 8.22121 0.273478 1270.16 701.281 543539585
85492 9.36718 0.937178 2648.44 991.471 789116735
85493 8.24309 0.769912 239.628 222.218 348774361
85493 9.24893 0.700267 1166.54 530.961 487257646
85493 9.48115 -0.831055 268.678 245.281 1651875450
85495 8.19006 -0.704591 1874.07 1234.3 66486982
85495 8.44028 0.576844 803.414 308.758 669773328
85495 10.4194 0.973796 1320.77 853.58 772469144
85495 26.5559 -0.574845 966.003 282.049 982945361
85495 11.3639 0.920298 1679.37 621.947 1113275480
85527 9.26969 -0.860916 468.567 213.16 59956745
85527 12.5377 -0.253912 2696.57 716.604 111351786
85527 16.0194 0.308637 1611.98 652.363 524054345
85527 9.16902 -0.13338 1904.1 988.413 720185667
85527 10.4496 0.723078 500.527 463.701 884794474
85527 10.1127 0.956685 3337 259.246 895795381
85527 8.05892 0.87756 1247.53 238.026 901054995
85527 9.35581 0.525689 238.57 227.283 1142520855
85527 8.8417 -0.062607 1513.01 869.176 1173659437
85528 8.92715 0.225309 2042.09 1281.41 139184025
85528 12.2702 0.978513 1786.02 1550.48 216747132
85529 9.59842 -0.83578 1631.84 305.484 48020474
85529 8.19488 0.978773 928.842 817.874 130777887
85529 10.4985 0.459285 1298.19 845.925 263864516
85529 8.42162 -0.819658 3078.29 296.178 491339339
85529 8.68347 0.407021 1690.98 1430.28 646201553
85529 8.78326 0.841058 299.665 211.439 763086019
85529 11.2014 -0.849033 1725.97 472.569 948414030
85530 11.0425 0.690425 617.328 482.762 107901056
85530 12.4146 -0.796299 2822.59 549.97 113728643
85530 14.8296 -0.310412 446.446 256.848 401267793
85530 8.15589 -0.08979 2184.8 883.381 408887261
85530 8.47654 0.889075 2112.14 808.418 463866641
85530 9.41748 0.957633 261.123 255.038 497646021
85531 9.20182 0.355103 1430.96 300.918 333186246
85531 11.5118 -0.545969 573.92 351.188 846452622
85531 8.13628 -0.529939 2132.7 1241.92 974304380
85532 8.10358 -0.159433 3293.9 787.393 87922840
85532 8.08805 -0.584447 2782.97 607.93 260112380
85532 11.028 0.720284 639.153 575.525 722548116
85532 9.85507 -0.229401 465.315 453.939 870312722
85532 9.93498 -0.96371 1937.15 772.138 1065147321
85532 8.84575 0.701358 1483.02 749.642 1121865381
85532 9.54991 -0.530647 2347.21 1019.94 1254554648
85532 8.52939 -0.355979 3229.32 728.354 1263504831
85533 10.8222 -0.949511 941.984 650.313 173927794
85533 8.80051 -0.0734672 495.595 310.782 630482662
85533 12.2813 -0.900139 2777.9 612.024 1043006189
85533 9.15759 -0.334445 883.639 379.138 1096236017
85534 10.0713 0.804113 1640.74 588.882 75585900
85534 11.5928 -0.952655 1436.34 917.635 390974978
85534 11.5296 0.968409 2011.19 679.1 719491194
85534 9.59544 0.8355 1967.85 635.877 838260843
85534 8.22389 0.844337 2510.54 634.1 913223288
85534 9.04172 -0.464898 740.485 639.54 1179433476
85534 9.28144 -0.759148 238.68 238.469 1228960084
85536 10.1203 0.0471168 2216.32 1280.66 265696760
85536 9.31431 -0.967469 944.271 555.826 1005712023
85536 8.43482 -0.901328 2280.87 1129.92 1045445093
85536 8.35195 0.110481 414.033 332.319 1185072426
85674 9.16836 -0.713816 1868.81 1145.32 25778650
85674 10.1054 -0.336233 578.53 237.388 365072777
85674 8.81312 0.571369 540.433 515.651 530475423
85674 8.64648 -0.820138 1641.53 1315.51 562776024
85674 8.49009 -0.703989 279.111 230.268 1030133261
85674 8.40909 0.472908 288.248 239.826 1070238634
85674 8.13669 0.699054 421.342 234.802 1241808185
85674 8.90862 -0.458225 1391.69 252.117 1246444098
85697 9.6153 0.996867 3151.93 703.05 12706702
85715 10.037 0.940654 843.121 494.646 193277
85720 8.28066 -0.646664 346.899 242.119 214019449
85720 9.01988 0.326942 509.734 410.207 260126473
85720 8.24618 0.49289 1366.81 1136.15 307702543
85720 13.3115 0.145799 1924.85 375.871 344285167
85720 12.0819 0.664133 591.066 320.143 418643767
85720 11.6342 0.912147 2374.36 904.839 685799385
85720 8.32095 -0.0559031 446.888 235.818 739916913
85720 9.03771 -0.276441 1853.81 343.728 893686333
85720 12.9764 0.378605 1530.75 400.182 942205645
85720 8.18731 0.533101 225.513 224.881 1244260850
85834 14.2957 -0.0639203 538.76 267.502 15068254
85834 8.09328 0.342657 265.182 250.395 98086688
85834 8.72238 0.936308 434.573 325.905 120698903
85834 9.93652 0.836277 708.685 455.057 142764405
85834 10.1591 0.453833 848.52 357.966 217364381
85840 9.32435 0.385233 1833.06 234.235 34804881
85840 8.09557 0.13313 268.541 223.362 68639224
85968 10.369 0.992113 1314.66 446.665 33993249
86247 8.00079 0.687652 740.476 317.171 388857592
86247 10.3503 -0.751515 2011.35 718.945 611110219
86247 13.9497 0.243558 1875.61 929.917 727326185
86247 10.7452 0.59534 823.342 369.525 863013732
86247 10.2016 0.99782 775.168 437.873 951165910
86247 10.85 0.181133 3447.8 370.424 956401622
86247 13.3554 0.800952 2261.7 1404.29 996307542
86247 9.62808 0.97893 3022.92 518.941 1035413548
86247 9.27333 0.207332 324.108 247.773 1192714344
86247 8.30813 0.408 1687 1475.52 1246884857
86249 8.19743 -0.503482 217.642 213.933 280449409
86249 8.18833 0.33679 1643.51 491.398 1343575018
86261 8.42447 -0.999189 359.471 335.973 90202450
86261 9.09267 0.396775 790.32 276.296 163244172
86261 10.1595 0.593177 1481.68 842.559 534972238
86261 9.78895 -0.364117 524.329 303.08 969663591
86263 12.4738 0.885691 765.236 708.911 221561369
86263 9.2363 -0.96862 1119.64 786.747 590324882
86263 8.41562 0.134255 1428.06 643.911 1077639307
86264 8.64603 -0.184829 440.183 372.698 605870448
86264 13.5184 -0.104943 1252.91 714.632 844640621
86264 8.50359 0.805317 364.748 201.083 996889508
86264 12.1004 -0.173086 277.805 262.698 1194536264
86264 8.09235 -0.410524 848.377 616.397 1221223154
86311 8.11081 0.442381 1189.81 509.531 84178663
86311 8.02715 -0.468996 1636.82 302.902 137393432
86312 8.65573 0.587774 2514.9 1216.16 283223898
86312 8.8931 0.738045 1580.35 407.98 680125786
86312 8.03631 -0.159298 705.578 415.731 776339712
86312 8.03694 -0.232867 2404.51 387.939 942829940
86312 9.65224 0.982395 424.907 249.674 1047484557
86312 14.477 0.977966 2475.98 993.116 1226919078
86314 11.9994 0.923036 2809.49 884.844 252632491
86314 10.2072 0.900791 233.304 208.884 326270602
86314 15.537 -0.965365 2720.11 245.142 481159001
86314 8.86904 0.959678 2076.6 417.026 648739375
86314 8.61946 -0.0200285 2182.99 1250.97 653650365
86314 8.44975 -0.568281 2337.7 723.284 656105519
86314 10.1031 0.895744 323.424 316.942 683311978
86314 10.337 0.634559 1441.34 663.193 687409082
86314 8.29752 -0.555472 480.709 221.715 706923987
86314 9.23369 0.991163 2256.88 836.482 770195070
86314 14.5544 0.901159 567.883 518.238 1048739253
86314 14.4511 0.879836 912.095 600.585 1177922414
86320 8.09171 -0.394486 1096.78 351.073 8932671
86320 8.33852 -0.885828 1254.46 596.076 191311932
86320 8.5037 -0.629017 1282.78 1129.7 502434709
86345 14.1984 -0.454101 1254.03 924.565 58865504
86345 9.32753 0.338642 278.348 269.197 119225348
86392 10.8379 0.365886 1252.54 920.88 258340412
86392 8.49355 0.916558 1810.98 370.796 310774552
86392 9.31511 0.696633 219.114 214.598 479842968
86395 12.2936 0.668621 1697.93 210.622 10901894
86395 8.30601 -0.24045 2410.14 887.15 303806635
86395 11.2844 0.920995 361.103 301.515 477893627
86395 9.14327 0.512847 749.651 250.033 481637774
86395 8.37333 -0.357556 2011.11 588.039 508668124
86395 9.3805 0.629969 351.354 313.469 539998930
86395 8.55977 0.227721 334.079 333.405 963192920
86395 8.60014 0.949322 343.792 233.818 985562875
86395 8.65577 0.673534 543.6 417.378 1184098637
86395 8.68215 -0.0476822 3917.97 252.869 1246355561
86404 8.7906 -0.078421 484.567 232.123 60430385
86404 8.45013 -0.33492 814.198 273.009 325544878
86405 8.59975 0.793528 1135.57 560.049 72969526
86455 9.06545 0.184699 299.695 215.56 6955679
86455 14.2898 0.549591 488.841 314.956 45147712
86455 8.16531 -0.295875 1326.38 476.057 188896847
86455 11.7203 -0.684245 2090.46 376.317 365895595
86474 8.54371 0.336521 474.209 341.754 161806737
86474 8.39478 0.806225 356.13 338.874 214578998
86490 8.44217 0.803809 344.595 255.823 76990338
86490 8.92703 0.904556 733.869 363.487 875919348
86519 8.12182 -0.467231 321.443 208.916 4913933
86535 12.4346 -0.569744 636.467 224.049 178898535
86555 8.06999 0.953288 2210.19 1245.28 81187366
86595 9.5046 -0.0128098 1566.04 411.38 121386774
86595 8.45593 0.807631 1294.84 644.407 326620955
86595 20.921 0.587477 694.689 317.843 364646014
86641 8.27848 0.925909 998.464 596.736 97232996
86652 8.35879 0.364278 323.325 224.082 37944606
86652 9.59463 0.872821 256.137 200.004 206631849
86652 8.06563 0.297979 478.613 477.987 257747015
86652 9.71084 0.113873 2029.53 1221.96 341030905
86652 8.46238 0.927782 1321.56 1193.58 518349198
86652 8.94303 0.886403 3342.8 302.179 518498826
86652 8.85373 -0.310471 991.533 564.299 597836918
86652 9.34124 -0.907098 418.213 205.117 634803484
86652 14.6977 0.404255 1571.3 1101.03 684102243
86652 8.07521 -0.542629 507.169 494.429 782220917
86658 8.53878 0.809385 506.732 476.056 4134345
86658 8.79462 0.162621 2684.11 1056.14 17844927
86669 12.4876 -0.634354 340.17 231.929 311318507
86669 9.71133 0.930861 808.163 454.983 330943404
86669 8.19851 -0.536377 1373.23 544.525 369921565
86669 8.92303 0.0162239 2215.75 465.524 418031837
86669 10.9405 -0.974238 300.601 276.112 550732163
86669 9.12949 -0.455267 236.559 216.795 705050503
86675 15.5862 -0.00772157 532.318 415.72 36803186
86692 13.2562 0.99169 1549 457.155 7016951
86703 9.18805 -0.92038 1323.37 683.201 416197681
86703 8.25836 -0.698593 213.516 204.625 418466029
86703 8.02704 0.441406 3146.38 564.03 453610671
86703 9.65425 0.207014 243.857 217.585 488736520
86703 8.3521 0.650754 1573.44 1193.27 638763887
86703 9.20598 -0.0421765 1989.85 1137 783492180
86703 8.56606 0.716648 272.727 252.228 860780902
86722 8.32223 -0.914186 258.323 235.296 18638219
86722 8.81599 0.249147 1049.49 202.674 114730725
86722 9.76423 0.0939004 1909.72 841.768 146254128
86722 9.16461 0.28569 2644.26 1322.62 199867080
86722 8.50155 -0.275117 1322.56 500.068 234590895
86722 12.8957 0.926227 2856.02 1177.28 461092821
86722 13.8179 -0.921543 774.394 426.667 573808026
86722 8.05239 0.73661 428.736 392.906 597297856
86722 9.3982 -0.263742 455.309 442.08 699914670
86722 8.06346 0.950748 1186.04 903.855 810425911
86722 10.4313 0.613996 1322.44 717.314 1002952880
86722 8.80347 0.975902 1217.74 804.88 1054195630
86722 8.9832 0.702401 2728.03 281.752 1091509634
86973 8.06821 0.448336 321.829 286.676 235062035
86973 8.52597 -0.847599 1697.24 759.715 386741866
86973 8.94026 -0.401616 1538.28 512.966 444505904
86973 8.72619 0.896518 1150.05 859.616 562019286
86973 11.1418 0.760595 2386.68 903.577 722315164
86973 12.4107 0.837658 2212.5 634.794 860817587
86973 8.12601 -0.447468 260.5 202.519 1027487297
87040 11.3115 0.185508 963.914 416.475 188757346
87040 8.32613 -0.157646 525.991 360.325 589246267
87040 10.8335 -0.0436999 541.738 289.22 800675791
87040 9.46239 0.271766 618.522 288.577 810147159
87040 9.21833 0.964022 1627.48 721.263 863346102
87040 9.09846 0.830082 1634 675.053 1043534609
87066 8.82535 -0.707285 325.355 251.101 258954384
87066 8.03895 0.317307 2716.2 1178.54 265501781
87066 8.25739 -0.678522 1107.18 815.404 302875453
87066 10.3851 -0.768265 2138.86 243.712 309861525
87066 8.04114 -0.0227979 1625.15 983.169 384365475
87066 8.80775 0.869004 2042.14 838.22 401566021
87066 9.40893 -0.215694 1027.82 908.162 851995924
87066 8.44576 -0.514431 285.487 247.297 1008431705
87066 8.7473 0.780424 1333.87 761.948 1117066542
87066 8.32882 0.649865 307.204 222.25 1239702536
87096 14.4467 -0.235814 1350.29 1246.93 129644628
87096 8.19695 0.0380534 259.542 217.407 278317653
