62841 14.3511
64021 39.3283
64086 15.7211
64664 20.8097
65414 17.6993
65534 15.7618
66006 14.7658
66653 17.0048
66725 14.281
66834 18.7953
66834 19.2654
66983 22.6036
67075 15.8306
68042 36.7872
68195 38.222
68272 60.4593
68460 14.6973
68525 25.2313
68560 15.4705
68608 24.1574
68642 22.1628
69071 38.8876
69104 42.5175
70311 15.1507
70369 23.6671
70524 65.7995
70592 14.4322
70720 22.6788
70722 36.7354
70767 22.1724
70835 17.8019
70875 19.1031
70880 14.7967
71432 15.0303
71492 15.4428
71852 20.4745
72050 17.3844
72152 22.3017
72401 14.4153
72624 15.4391
72988 19.7322
73304 15.8976
73323 23.0946
73430 28.7995
73508 26.166
73529 15.2842
73532 16.5916
73913 34.3687
73923 18.1182
73945 15.2693
73954 18.237
74017 37.6487
74053 14.3651
74218 16.5624
74262 15.8072
74271 16.1012
74485 31.1951
74711 21.166
75278 21.4537
75374 28.5385
75450 14.5066
75530 18.1132
75626 22.6945
75628 14.5654
75648 15.7721
75701 14.1065
75880 24.2616
75889 23.25
75892 62.0584
75919 25.2205
76046 14.9767
76236 16.2729
76827 15.9806
77526 26.3092
77902 14.0281
