61646 14.1816 0.530168 1160.46 942.219 12174058
62140 14.3106 -0.108417 1611.17 399.13 24044077
62428 74.4127 -0.951722 385.237 257.494 81062205
62431 52.7648 0.811446 2199.61 922.763 205271455
62435 14.5979 0.987921 650.771 285.814 46669938
62470 14.2275 0.315115 688.529 561.092 186862199
62513 15.6981 0.608952 2666.99 739.681 96514423
62597 15.2155 -0.74796 2289.75 621.87 74265312
62674 22.663 0.884819 2674.67 583.932 216873118
62738 49.4991 -0.793373 646.143 469.967 12885316
62780 14.0861 0.940666 632.151 242.343 87356286
62842 34.6161 0.849101 388.756 312.927 124623475
62844 67.5058 0.281586 1077.92 348.465 90532628
62865 14.4014 -0.910422 1485.7 1389.49 224605676
62870 18.2136 -0.13556 2819.18 271.969 240538707
62999 68.7226 -0.186379 1352.56 814.786 20569000
63083 53.7633 0.0271063 687.028 533.003 148802168
63194 29.8508 0.265116 523.426 406.435 165854814
63203 45.5847 -0.573611 1416.83 467.947 18769482
63204 14.3424 -0.3792 619.644 219.044 105236666
63345 15.0958 0.999173 773.448 214.782 71383607
63386 26.1416 0.534749 1981.41 487.667 64051297
63415 15.0758 0.947019 1991.51 1029.92 164036300
63415 14.6899 0.962538 620.938 404.846 182974010
63416 14.1504 -0.342252 992.774 304.966 85500141
63765 37.372 0.155144 1254.16 417.137 9918818
63765 15.0782 0.00837728 552.872 365.132 127923702
63813 58.9864 -0.0443247 1531.41 1097.76 38952361
63821 25.0733 -0.0695853 1885.69 213.568 132199999
63920 62.1276 -0.00805587 637.974 272.672 212236520
63921 14.7349 0.0258588 940.317 310.197 27236156
63932 76.7508 0.984928 302.706 268.772 16866429
63932 14.2756 0.937267 2000.79 797.299 180642550
63945 40.8436 -0.573098 1899.33 410.154 111198434
64021 14.7797 0.659352 2941.87 434.396 193706000
64087 67.333 -0.767384 1313.83 887.206 35247821
64118 14.0818 0.989681 1539.93 521.771 34476939
64278 14.3796 0.996538 2568.17 1132.94 154149675
64279 46.7856 0.860894 1457.72 632.812 192066634
64290 43.8778 -0.637495 653.046 410.863 67771427
64294 14.6844 0.509091 2464.29 1207.85 90539611
64320 47.7944 0.569079 1503.42 821.935 16265227
64375 14.1287 0.822188 986.09 796.345 186039189
64383 14.9588 0.77009 971.658 398.509 164089835
64517 14.9858 -0.730081 2960.37 383.79 167806137
64558 15.4727 0.999116 1641.61 460.972 101078235
64558 52.5884 0.946302 3244.66 397.725 132366102
64663 15.3811 -0.585479 2821.41 330.855 134069220
64663 17.2984 0.575259 2264.28 1255.93 198808631
64664 14.783 0.957847 2135.22 518.279 200407133
64665 16.0337 -0.8373 1358.13 1138.68 64330310
64665 63.9446 -0.113351 859.74 581.658 75516655
64789 59.3344 0.0129486 958.763 845.807 36580469
64801 15.5481 0.396323 2259.17 298.199 10922151
64828 60.0314 0.809067 622.416 592.369 151330286
64832 38.1976 0.914211 638.584 582.444 125327293
64833 15.6591 0.413718 1966.57 636.72 57553206
64857 14.5402 0.975642 867.811 543.681 136461078
64863 53.0995 -0.585259 408.416 232.963 67338879
64864 14.9751 0.903169 618.688 267.407 205597948
64887 14.1465 0.865121 1114.67 550.543 29253045
65133 14.1204 0.945442 2817.09 505.616 73125478
65232 14.6984 0.011564 1294.56 616.936 89275998
65335 14.5242 -0.727179 2085.67 809.35 25351873
65397 14.1465 0.552093 764.535 409.129 122727169
65408 15.164 0.985473 2620.96 677.886 154038811
65413 15.498 0.978493 2130.16 252.393 185738006
65465 33.1386 -0.17337 2835.66 316.118 219886569
65494 78.5764 0.490017 2024.45 1200.17 93228044
65540 23.1667 0.500421 947.32 449.553 11122082
65674 30.2412 -0.211868 1252.46 1041.13 53415070
65691 14.5486 0.931782 2268.17 1035.2 38726244
65755 14.2495 0.00923674 1942.56 1277.76 20195910
65773 15.946 0.684833 1008.68 316.949 121953614
65885 14.0156 0.990493 2613.6 374.41 57449644
65923 16.7835 0.120052 1551.32 947.176 69578298
65927 55.4512 0.933516 642.53 371.625 137817941
65962 14.2446 0.956448 2324.35 573.175 56418016
66097 15.4461 -0.904858 1225.51 637.303 27978820
66097 14.4948 -0.533731 2909.61 582.509 233307391
66102 15.6335 0.994048 836.37 203.219 70409406
66146 14.3293 0.420491 1849.12 477.642 69749635
66151 31.6983 0.129302 1260.39 1113.42 24540397
66156 66.3167 0.755163 1748.89 844.151 115631912
66203 14.0987 0.521741 808.472 547.84 173962036
66260 25.0386 -0.183727 3271.56 766.675 45643761
66277 45.6897 0.665511 1038.45 699.592 227605782
66315 14.8713 0.760074 1477.61 261.476 145022691
66439 42.2387 -0.486444 553.618 289.771 23309168
66463 21.4935 0.801438 2602.91 293.437 63818440
66467 62.7701 -0.508221 1195.05 397.2 103858119
66472 14.6168 0.721281 3305.71 230.538 91297259
66523 14.2069 0.978303 2229.88 597.866 72122423
66572 43.2429 -0.310733 2757.51 380.865 67061378
66583 14.0912 0.986083 1049.21 863.632 8250556
66608 45.4785 -0.951271 338.233 235.508 32461479
66612 47.985 0.0437664 1465.66 715.223 109984765
66653 14.2671 0.995356 2654.67 910.024 238597473
66655 15.2898 -0.577972 1700.45 951.374 133640450
66665 28.3087 0.631049 516.888 268.678 70497105
66665 14.7141 0.991338 1601.15 884.182 240485486
66678 14.5849 -0.773775 1242.38 318.295 81763908
66688 14.5289 -0.571225 607.659 325.919 119079413
66723 14.0042 -0.140888 2280.5 456.717 283938480
66730 14.5472 0.960133 2684.33 263.844 290505374
66789 14.0602 0.960416 2958.05 748.755 19283078
66835 15.6895 0.693567 1659.8 526.85 122532727
66852 14.2741 0.128652 605.544 257.544 55622630
66918 15.1651 -0.174686 1644.93 522.109 12780285
66924 33.4922 -0.829827 879.071 245.854 54757737
66936 32.7057 0.583999 1170.64 722.051 125842003
66938 14.7932 0.89096 2419.28 603.64 14004417
66946 15.0819 0.984887 1149.35 352.829 61235701
66955 76.6398 -0.83984 847.083 608.616 176193147
66968 32.1701 -0.299182 1640.64 1175.2 76545642
66971 14.4796 -0.308202 655.815 234.062 46111919
66972 14.9037 -0.5438 1277.73 380.582 196350644
66990 14.5664 0.711677 1213.8 483.948 191111628
67043 14.2869 0.817535 1063 301.959 32234375
67063 36.7083 -0.0646949 487.453 221.511 6910615
67075 15.4658 0.280719 1073.11 1046.33 189080066
67077 46.7034 0.0599247 776.034 427.773 192685693
67362 18.8825 -0.720847 2473.55 702.83 96289006
67372 14.2783 0.983924 2273.95 1106.59 35755942
67380 15.5961 0.8485 1769.16 247.066 67977188
67382 56.7669 0.9556 1171.25 408.391 78199989
67385 31.0719 -0.0968926 2243.14 375.933 333056736
67408 14.4177 -0.0454046 599.672 533.588 228296706
67409 14.1321 0.8383 2144.13 262.38 67919577
67409 42.1527 -0.780307 1714.17 202.323 154881929
67429 63.9451 0.507929 300.664 261.198 164917545
67570 14.5157 0.754328 2620.21 572.226 66407057
67599 33.4178 0.318174 1767.15 587.285 326782
67606 14.0899 0.938663 3042.72 795.042 67607758
67606 14.9151 0.866956 1059.4 760.384 268992247
67607 14.1518 0.955198 1026.16 267.266 276875706
67747 14.6491 0.989882 1026.8 221.977 74854934
67759 14.341 -0.268269 998.996 796.116 54022179
67792 14.8649 0.807329 1529.67 874.9 88404630
67807 14.5244 0.408764 762.974 274.522 32414948
67835 14.6963 0.815428 2425.2 491.258 23595371
67836 46.041 0.467679 3163.1 574.935 108029875
67837 65.9876 0.301442 2696.79 663.153 56405307
67845 14.6926 0.370124 1234.45 1123.86 216856355
67884 14.9235 -0.661821 1301.81 623.196 151288519
67885 77.9891 -0.738657 2570.17 807.632 172331482
67963 14.0788 -0.48966 715.349 218.086 198385107
67964 14.1403 0.961484 2312.77 889.612 100386364
67968 14.8314 0.956715 646.289 275.174 134163359
68011 14.2703 0.99806 1019.37 605.816 66205179
68015 55.954 0.31957 1150.79 423.48 77756027
68040 14.6187 0.985769 1002.53 268.435 213393758
68048 36.3729 -0.365309 1493.1 404.201 137887439
68050 15.7364 -0.620572 1228.04 1081.36 37818063
68056 15.2373 0.804725 1618.07 850.583 137130343
68082 15.1685 0.897754 947.694 492.023 111548462
68092 15.4384 0.970981 2740.06 540.529 142314025
68093 16.8849 -0.153504 2010.96 1188.36 123225896
68094 14.1709 0.647583 2459.74 481.566 11653959
68102 41.8214 -0.0803507 508.129 373.276 25371951
68111 14.5497 0.625252 1303.16 913.357 40301497
68120 19.6433 0.797781 2517.08 682.395 32644123
68121 14.7979 0.971195 1521.54 297.738 283623936
68194 14.2872 0.726513 3201.22 962.465 236810067
68200 14.0485 0.982405 1345.26 649.385 52833834
68202 15.5954 0.965389 1281.31 953.047 3557474
68205 18.4909 -0.376988 652.99 234.6 112970931
68212 15.6846 -0.295496 1302.43 665.024 134690565
68215 14.5793 0.976618 2919.59 256.279 40270787
68223 14.382 -0.622245 1756.47 1068.55 247154625
68251 14.1555 0.937962 1246.04 1011.35 184602250
68256 15.5746 0.246554 1335.79 853.859 219784933
68261 14.642 0.756881 900.577 706.406 83518607
68270 44.0184 0.43148 2411.95 515.707 64513159
68273 24.6034 0.362525 588.571 348.108 189344627
68275 14.0275 0.986257 1065.1 328.806 210176169
68295 15.6347 -0.918649 1376.41 781.702 209046315
68296 14.3576 0.994683 1636.68 816.584 40108815
68297 15.3721 0.605586 769.417 726.489 67632020
68364 50.5863 0.646825 532.884 518.653 105438902
68370 15.2804 0.997014 1584.19 598.341 2454226
68372 14.5701 -0.34251 2121.46 750.053 251069
68372 14.8936 0.147446 820.761 578.346 3659941
68405 43.7522 -0.990037 1342.78 459.396 42118488
68429 14.0207 0.870395 1929.09 992.585 46307528
68473 14.7712 -0.620967 597.993 307.781 107093840
68474 14.8679 -0.916551 3167.27 339.549 67698093
68474 16.7567 0.177504 3031.18 339.596 96456431
68492 60.4911 0.181753 591.164 294.468 185995985
68518 71.3251 0.473924 2156.23 1258.54 101478948
68525 15.5706 0.942581 2100.34 613.358 110445744
68528 14.4222 0.940388 645.57 428.826 205257776
68528 14.6579 0.98817 1365.4 856.642 257484014
68530 44.3973 0.259684 1683.8 410.625 123674646
68532 14.8998 -0.952012 723.741 270.101 259160907
68548 79.5709 -0.429105 2602.74 302.006 50670576
68558 15.3188 0.953113 1218.3 658.78 164784294
68636 17.458 -0.444436 1198.94 735.11 143030100
68642 14.4993 0.841535 2670.97 693.175 124645646
68643 14.8329 -0.179088 2863.58 694.433 98571168
68660 14.4165 0.94286 1166.11 553.989 15347002
68757 15.3222 0.542776 2903.34 1163.88 7015773
68763 14.9913 0.209525 564.307 222.343 93622787
68763 55.3047 0.293221 1757.13 457.425 162322683
68765 58.429 0.674802 544.373 332.017 138571811
68766 14.9179 0.617376 1021.75 907.177 120324509
68766 15.4501 -0.537817 1375.87 1333.67 137486392
68767 15.6154 0.885172 756.966 366.978 204654152
68843 14.2702 -0.436983 3429.97 579.76 88211668
68883 48.7137 -0.443234 1782.06 332.552 212927438
68980 14.1262 0.367277 1905.19 622.144 62055649
69015 28.3277 -0.264609 588.069 410.214 214863895
69033 69.9944 -0.319709 1459.19 1091.28 6574890
69039 14.0557 0.985576 720.236 638.141 5939297
69071 76.1794 -0.874777 2758.04 553.483 79514138
69092 53.0456 -0.806307 1533.69 394.562 215959352
69109 15.1315 -0.044949 1875.34 450.934 234897959
69132 15.1081 0.996542 593.91 414.607 54856107
69156 14.2226 0.978064 2602.64 779.038 55656439
69161 39.8488 0.020836 3124.29 997.389 68404991
69176 14.2522 0.965071 937.744 830.562 822034
69206 14.2947 -0.481394 1222.7 661.645 321814101
69369 45.6412 -0.477383 1970.83 497.65 25710741
69378 14.238 0.162926 2853.1 373.137 187665067
69392 14.362 0.997156 2563.02 470.498 106904470
69394 15.6948 0.235696 994.022 268.523 81690394
69405 20.1684 -0.840407 410.833 339.133 191937238
69405 14.1822 0.992966 2838.52 837.541 266402777
69433 39.9055 -0.627987 1969.08 554.818 137581059
69486 47.7423 0.592626 1432.26 750.389 108965871
69523 14.967 0.908371 2777.03 596.359 248921712
69553 15.5878 -0.742632 1833.14 1223.58 108095423
69582 14.2555 0.759214 817.47 334.32 166947047
69586 14.11 -0.00367159 1032.16 712.388 20964055
69613 37.512 0.131971 1545.26 1068.03 52596481
69621 14.4987 0.121562 886.952 232.227 219417591
69625 35.3654 0.664237 644.248 413.45 310503714
69630 15.2482 0.938523 576.426 528.934 45985210
69675 44.9293 -0.992165 2862.74 831.359 279409095
69678 15.547 0.976805 2365.23 791.974 39890241
69689 32.1045 -0.954161 2906.88 388.376 177064878
69695 14.0946 -0.353002 1802.87 374.016 182943276
69705 15.3902 -0.229329 2668.12 508.4 39092834
69725 53.0111 -0.0650404 1558.58 1091.36 270675687
69736 20.1263 0.122283 1511.58 612.754 133120658
69745 77.8298 0.431148 3144.26 533.871 350150852
69754 14.0117 -0.512751 925.29 454.414 76293381
69760 36.1517 0.810634 1494.45 924.863 165517883
69773 14.2316 0.989373 2674.92 1143.46 206185888
69777 14.3173 -0.366901 919.802 735.388 752836
69779 24.2591 -0.705749 3071.25 360.303 169014021
69779 21.8257 0.134406 1806.7 957.565 302779960
69798 65.9418 0.0999897 737.288 400.337 110357544
69804 15.5885 0.98968 1071.61 220.966 366521323
69809 36.6082 0.288264 647.058 364.357 270087560
69822 48.2776 -0.905085 2673.76 700.97 68736797
69822 14.4744 0.998431 2059.06 357.213 98893413
69822 15.7004 0.931418 2476.05 1019.39 124549282
69886 15.6401 -0.470567 2358.99 1159.97 45048823
70190 14.6067 0.987176 1572.33 1094.41 15248782
70194 15.0505 0.992734 1984.75 270.337 233356621
70299 14.3792 0.924795 3019.77 640.736 48923944
70304 14.2772 0.981339 3512.57 289.409 166690016
70313 40.0049 0.221114 2579.5 1156.95 169163705
70317 14.352 -0.195312 3242.54 344.643 161557455
70329 34.2862 0.570438 2808.15 415.254 297085980
70331 14.9584 -0.40135 2314.54 681.636 87864637
70358 15.0178 0.967237 1898.27 1101.27 74278555
70358 14.1471 0.421447 1580.91 953.984 198531418
70390 15.2205 0.885456 653.559 244.677 160858080
70474 14.1833 -0.366907 1224.6 389.297 104162746
70482 14.0649 0.958223 822.878 635.452 186448857
70500 39.4101 -0.357022 2263.38 324.109 203553755
70523 14.2116 0.37536 696.984 337.657 37373299
70538 15.1774 0.995255 742.972 625.973 133848441
70613 76.8149 0.457151 1548 760.279 66796214
70701 31.9755 0.653491 2533.94 967.947 330935409
70716 14.4056 -0.435565 1933.92 206.673 284114957
70717 43.1059 0.594195 705.052 443.06 73398732
70728 14.9597 0.62769 2871.08 391.527 161819635
70746 41.8646 0.604972 1150.68 441.092 302736267
70787 14.0206 0.10471 1057.72 416.492 208731609
70788 14.9101 -0.141223 867.03 560.703 80495161
70789 15.1837 0.972603 1706.97 491.383 260293643
70829 14.6203 0.658128 2606.96 628.304 25357648
70839 41.5547 -0.85889 710.521 209.608 95188666
70842 14.2666 0.976923 1228.15 242.098 88510931
70845 20.0275 -0.194613 1262.62 513.978 30714759
70855 42.4642 -0.13542 2465.57 961.708 228728680
70858 14.1658 0.597264 959.914 585.721 79884714
70863 66.6675 -0.812398 2694.39 586.92 338040273
70876 14.6809 -0.00677663 3193.72 640.854 137070052
70877 27.8977 -0.591792 1621.29 1056.51 131165407
70880 14.3888 0.958046 2323.76 272.55 77882399
70888 15.3123 -0.407933 2566.36 799.543 164674047
70902 14.6487 0.967049 2416.45 1081.45 50371219
70903 14.5746 0.963503 1202.19 939.371 25923
70904 14.0929 0.613809 1753.9 907.435 49621411
70917 14.6074 0.57266 886.542 231.38 15628725
70920 40.1326 0.617114 2136.71 1078.41 269710967
70985 43.3634 -0.126168 2280.63 985.02 170264080
70985 14.0442 0.135251 2370.35 793.676 339559199
70988 54.4418 0.610773 2440.7 666.572 89776935
71045 14.2467 0.662383 1409.87 460.782 201430704
71059 14.3967 0.966583 1171.84 706.187 245810009
71067 14.1085 0.976374 2230.75 1129.72 330187180
71155 65.7275 0.461707 944.491 301.119 366293703
71242 15.0262 0.997106 2857.11 219.267 134810224
71246 14.1667 0.377165 1031.34 495.913 277673640
71246 74.663 -0.969167 1918.34 386.926 307770542
71320 14.0237 -0.468771 686.985 582.165 347457627
71321 43.1266 -0.796959 1393.67 892.382 21332866
71327 14.3221 0.822967 3138.28 824.216 42270904
71338 15.3735 -0.113465 2186.54 806.578 209650413
71343 42.2339 0.192039 592.895 276.152 78869391
71414 18.5384 -0.712674 671.629 364.149 202600268
71414 14.1586 0.878952 2040.47 1180.87 303841648
71417 14.5198 0.737063 2946.59 466.036 346847395
71452 26.2466 -0.271003 714.238 659.404 205480711
71452 14.745 0.563491 1289.22 1006.17 234041973
71460 14.8767 0.978333 2012.83 359.614 23204430
71482 60.3846 0.793183 753.62 667.475 265348233
71484 42.4389 -0.92198 3026.22 773.983 358169927
71825 15.5032 -0.635993 616.747 379.369 63756289
71825 15.1483 0.0629496 1427.8 295.891 75510519
71832 14.3071 -0.104923 889.951 415.116 299788203
71839 73.6783 -0.932488 500.773 426.174 322159650
71847 71.2173 0.0150531 3263.93 864.519 248283445
71848 14.3484 0.797879 1523.23 672.215 189819438
71850 50.2086 -0.987312 470.257 280.431 2213199
71850 15.4805 0.163847 871.136 468.443 8994174
71854 69.4893 -0.138273 1244.15 960.868 87372345
71855 49.8785 0.106126 459.215 425.749 123016854
71861 14.0041 0.95202 796.628 686.289 34344977
71861 21.2157 0.21978 341.123 326.446 123229020
71886 27.9403 0.48766 628.211 345.105 3808577
71892 14.6815 0.985449 1177.22 746.473 44823917
71899 51.1949 0.729531 728.127 560.217 218396138
71952 14.8364 0.642748 1979.9 360.254 126438391
71952 14.2246 0.262516 1716.77 305.123 212174101
71955 15.4235 0.394404 548.778 235.917 171441397
71960 63.8877 -0.671831 2321.89 448.339 293064049
72021 14.25 0.867755 1740.92 1124.76 11193132
72067 16.179 -0.151276 3354.59 437.12 264032962
72073 56.8608 -0.356906 504.842 500.464 103176522
72105 30.9813 0.0317653 1730.49 644.128 186949257
72128 14.2868 0.983714 1198.01 991.298 122580072
72151 39.3254 0.00672471 909.521 505.732 278352669
72154 14.9735 0.70745 590.254 462.684 295666102
72155 25.7739 0.451165 1709.05 827.238 9423102
72164 14.3662 0.898868 2729.28 430.227 33662262
72165 15.8045 0.94021 1252.49 863.716 339020299
72165 70.6972 -0.977874 1977.6 587.97 374755841
72214 55.227 -0.729965 304.465 242.99 51744504
72226 14.1034 0.976747 915.826 834.442 8492384
72240 63.6555 0.31444 1559.15 371.43 61039114
72278 16.4334 -0.942226 1488.5 1358.82 250939193
72306 72.1979 0.255624 1339.44 676.129 382371340
72322 55.4546 0.0449447 1195.02 584.798 2514914
72330 15.177 -0.382405 966.66 701.837 176861774
72364 23.9452 0.52596 339.583 323.099 400559328
72368 14.4003 0.837662 1671.93 415.73 222748802
72369 56.0788 0.816438 1393.22 757.875 435612247
72372 17.7159 -0.598672 1495.84 264.314 332015926
72373 79.131 0.836778 1295.82 497.975 330938839
72375 40.3838 -0.838885 1500.91 1068.06 35984537
72394 14.2393 0.972003 1187.36 388.531 37383921
72408 14.0896 0.36861 2615.29 738.939 303600632
72414 14.3893 0.64515 902.833 261.691 191153948
72419 48.5011 -0.202886 1204.9 273.507 35431130
72476 31.5511 0.192257 2394.26 958.739 260333002
72478 15.653 0.942311 1074.16 676.961 14195436
72485 15.4451 0.922175 2265.05 521.411 24276296
72501 26.4655 0.197163 662.57 347.109 152860825
72501 14.3316 -0.15777 2086.57 1283.44 393513797
72557 71.1895 -0.403467 1432.25 547.158 285247831
72583 15.5651 0.66236 650.438 545.542 257960148
72586 14.1609 -0.517871 2014.58 280.282 172441272
72621 14.7488 0.842683 1280.41 1169.42 5372177
72646 14.3243 -0.664523 984.882 303.205 99917008
72666 14.2887 0.913084 830.562 489.759 256753702
72667 14.1675 0.729764 746.266 532.205 313341706
72667 56.6473 0.102493 1152.16 593.99 378586744
72712 14.1445 0.411717 1277.66 543.848 50462975
72732 29.2864 0.0583647 2449.33 846.213 293156863
72742 15.8268 -0.0522045 1508.15 842.252 64825478
72750 14.6111 0.690106 988.158 674.201 414103122
72754 28.2636 0.88101 1868.08 760.957 316706301
72756 14.8497 0.888627 1228.33 761.4 182814603
72758 53.6588 -0.507915 1895.55 1457.29 10321812
72758 14.7981 -0.0666279 1455.15 372.562 207255416
72768 15.6918 0.989435 1747.94 804.499 20838040
72774 14.0584 0.999727 1514.15 1381.46 57101102
72799 14.7618 0.935602 1474.61 767.786 315386376
72829 66.0424 -0.765343 677.963 384.538 61809659
72832 14.5373 -0.90925 888.632 704.159 244525943
72850 14.1581 0.908872 2977.67 441.081 89618020
72867 16.1424 -0.179556 908.244 280.116 30628983
72881 14.6281 0.976985 2111.58 1299.63 134001098
72895 48.2392 0.121767 1479.86 296.495 356813786
72904 36.5586 0.115828 409.035 225.307 325407246
72911 14.7703 0.986668 3083.03 490.062 306866404
72975 15.5803 -0.239949 821.65 226.086 370014784
73032 44.3348 -0.422504 2242.57 1146.74 112996916
73035 50.9796 -0.0821298 2417 607.773 236957129
73073 30.9798 -0.0226674 2016.02 1022.93 54129186
73223 65.7487 0.265764 1754.61 352.464 63522937
73243 14.0959 0.943573 1316.04 526.887 158546290
73244 14.6801 0.543857 2801.52 302.548 88791875
73244 24.2993 0.306877 1495.82 896.942 201353830
73259 15.6318 0.954257 2242.98 391.927 267338400
73260 28.6397 -0.90772 1622.93 207.413 384610178
73286 14.8806 0.986197 1698.34 965.96 156246691
73290 14.8136 0.994569 857.648 450.805 274216340
73297 14.6581 0.505493 2134.12 917.079 293270193
73303 14.4794 0.927395 1437.08 357.373 420877166
73308 14.076 -0.154073 918.457 767.772 277171551
73318 14.5791 -0.364212 1442.88 702.895 284957230
73323 17.7243 -0.45708 491.137 266.084 270536861
73329 29.745 -0.532602 2592.07 362.413 221141776
73331 16.1859 -0.15127 761.939 264.141 185171763
73332 78.5354 -0.0878449 1106.27 444.799 132498252
73348 14.1137 -0.639671 886.87 521.428 332235285
73363 15.2231 0.0701316 2399.06 1002.17 301645083
73365 47.3046 -0.611048 523.728 404.251 264173842
73369 38.4635 0.408774 885.922 318.214 291877168
73373 14.8525 0.966306 1547.14 1127.35 351930987
73375 14.0727 0.596515 808.426 225.953 370184486
73385 14.8665 0.820544 909.789 275.239 407151711
73387 14.1896 -0.00934723 3498.41 575.843 450014918
73404 31.7567 0.615447 1099.88 539.975 256987496
73430 39.5709 0.510701 1441.65 876.769 100734468
73432 38.4749 -0.48591 1211.36 404.79 100052431
73446 34.3267 -0.684432 695.348 488.713 210078421
73463 26.7498 -0.923992 1638.13 992.193 45928046
73489 14.569 0.96962 1615.78 426.375 177878656
73492 23.5808 0.688939 1016.67 629.152 124328720
73505 44.2733 -0.874767 748.883 550.043 321223780
73513 14.6823 0.196478 1651.33 352.493 185497595
73525 14.3017 0.982192 1301.5 305.065 98852553
73529 41.8037 0.0638264 846.603 392.428 85161742
73535 14.5272 0.996736 1748.08 568.127 445296477
73536 14.2081 0.665152 2913.24 844.728 81686998
73547 14.0891 0.902481 1182.58 639.138 332865722
73556 15.4286 0.908281 1873.96 345.855 20872233
73568 64.5466 0.654822 1494.42 342.205 119332910
73568 17.1855 0.347527 3052.12 290.062 281857918
73597 14.2625 -0.0987934 1266.41 904.594 1767563
73605 14.1687 0.96845 1795 1616.57 243046589
73634 14.4172 0.312866 1325.24 831.9 435105958
73647 23.6656 0.174897 754.755 501.172 383389456
73651 29.1446 0.720757 2598.72 281.418 405016805
73654 18.8265 0.535202 469.786 219.683 656555725
73654 15.6595 -0.056992 2686.22 234.281 950397836
73667 15.9367 0.811 2904.97 862.153 903182941
73667 51.2354 0.0306817 2434 546.693 1018278566
73708 15.8896 0.266244 2658.28 394.832 335748347
73733 41.386 -0.0362338 1019.88 1005.9 166332713
73738 14.9579 -0.965446 566.419 353.634 171914386
73749 42.755 0.488352 1760.75 1048.56 87587423
73836 31.7188 -0.066006 1829.41 692.538 560209908
73839 42.0707 0.78395 1695.44 737.272 388231991
73845 14.0107 -0.326921 2696.45 487.047 837911704
73885 14.5266 -0.871542 2580.72 665.434 440876538
73889 14.0769 -0.700278 1404.73 366.76 691196668
73893 70.2314 0.864531 1404.1 685.491 512002762
73904 14.3884 0.923639 629.133 568.211 90980207
73911 16.321 -0.0786769 1832.4 356.167 429111732
73932 74.0338 -0.867265 800.824 222.062 80578659
73945 73.5204 0.538557 997.131 403.439 244995445
73945 14.6014 0.96383 3313.87 539.968 801320170
73948 14.1924 0.993931 1090.23 509.774 836365276
73952 14.8516 0.95991 679.481 301.925 376557529
73952 17.6708 -0.470154 454.106 253.885 853494533
73953 14.6308 0.990422 2214.48 373.73 361809223
74017 15.4873 0.166455 1093.67 275.388 360800419
74017 14.5258 0.680682 622.448 331.011 430237872
74020 14.148 0.933553 1077.66 400.518 950729330
74043 15.0563 0.991762 1007.74 594.796 708743023
74043 15.1447 -0.393969 1415.09 688.537 894486439
74054 14.2059 0.938427 811.785 661.04 380008456
74056 60.06 0.320958 2225.87 1307.71 919020609
74129 14.0824 -0.0173292 3109.93 470.584 964217588
74131 62.201 -0.914518 1579.11 588.26 49499745
74132 34.4886 0.878942 2456.75 437.878 835174226
74153 56.4611 0.979363 1134.53 749.442 69666433
74155 14.3136 0.949989 1937.11 324.516 199721680
74156 14.1366 -0.117495 1204.37 281.433 52996532
74157 14.3575 -0.0106436 1639.16 694.58 596284408
74159 14.308 0.806129 1742.65 367.8 738309127
74161 14.5706 0.984245 2651.63 655.34 581758665
74162 62.9002 0.460294 1242.54 577.543 551159925
74163 43.8706 0.380681 1171.07 230.164 320318832
74175 31.1475 0.552409 2743.67 845.456 93006988
74177 28.9426 -0.152623 1534.76 203.753 328227406
74184 14.3043 0.992612 1288.32 220.261 403364501
74188 72.4542 0.514351 2310.02 712.115 443858465
74191 14.1294 0.947588 1810 450.014 482441270
74202 14.2834 0.193821 1920.43 853.848 542614442
74205 52.7655 -0.910351 1668.57 1214.97 135327724
74210 15.138 -0.507268 1016.46 572.982 679449118
74217 15.0936 0.994834 2353.29 858.544 265898652
74219 43.8339 -0.672916 1425.06 494.754 134318808
74219 15.6729 0.98128 526.295 311.072 866694644
74219 14.6898 0.63812 614.304 541.309 966402727
74240 19.8534 -0.129761 991.768 272.522 224861338
74241 14.7863 0.29018 782.467 585.83 403055546
74243 15.5713 0.224736 633.971 287.893 872245789
74247 14.2259 0.979086 899.999 340.672 969319169
74248 64.6521 -0.670944 3510.88 528.401 921928196
74250 15.0012 0.943041 1830.77 567.314 377831116
74263 15.2141 0.960666 2720.95 1172.18 367867809
74275 14.4884 0.993761 1915.01 733.164 304653628
74315 14.7668 0.145188 1968.94 274.551 513625501
74362 14.1929 -0.74692 1896.58 1150.31 818726460
74364 15.5665 0.976136 2029.42 846.778 408479482
74374 15.0451 0.294481 3060.66 413.102 895263787
74391 14.2091 0.921526 888.138 750.183 628317869
74397 44.5053 -0.000489324 405.112 290.115 499454809
74415 22.5399 -0.0547067 760.467 585.588 116612534
74419 54.1316 -0.7849 456.789 297.428 225034990
74420 14.3855 0.986594 2129.18 1003.19 1086043538
74422 35.6461 -0.585608 2602.94 1034.31 655942182
74434 42.8541 -0.335652 1371.66 1195.59 245618661
74450 14.7163 0.274799 2419.99 342.849 696429296
74462 14.471 0.953028 1243.53 546.724 433858104
74464 15.5699 0.916178 1883.17 865.326 537368355
74466 14.5918 0.953402 1107.24 893.281 47214207
74466 18.399 -0.274644 2558.29 373.506 667984601
74480 14.2209 0.399301 606.484 538.132 337730584
74481 14.2873 -0.282005 1203.13 495.032 38911970
74483 54.5793 -0.726026 1156.36 580.567 126745963
74549 14.5639 0.70261 597.393 459.594 49243459
74549 15.5679 0.918498 1628.98 1091.21 949480416
74553 14.435 -0.891075 1194.99 707.881 151518539
74557 14.9595 0.986588 1518.74 327.249 73275258
74558 14.3008 0.584301 843.715 316.489 140016636
74560 14.586 0.988703 1408.6 655.113 703238225
74561 28.9365 -0.697111 1755.89 650.452 278413606
74574 14.3713 0.954795 1050.7 931.57 394138728
74584 15.137 0.995858 1285.99 408.499 330091927
74586 15.6429 -0.993464 1037.2 321.943 287283356
74599 14.1357 0.980892 841.224 380.252 73018249
74599 15.7855 0.988769 1082.24 419.853 1059178698
74601 34.7351 0.0103311 954.418 685.293 564588067
74660 14.0837 0.718044 1638.66 1103.3 156025135
74687 18.8652 0.226243 773.092 430.911 673964787
74729 14.2324 0.800839 1868.7 855.158 602511045
74733 36.1806 0.286634 772.87 427.041 923674393
74735 49.5759 -0.827494 300.279 278.92 722540351
74736 15.0047 0.991368 1107.65 952.177 737168117
74739 15.3973 0.991027 2479.64 635.213 924064433
74747 72.5557 -0.0756802 1880.75 1275.32 1751941
74751 14.3057 0.509519 663.439 253.533 404428702
74753 27.411 -0.8483 2079.9 1300.62 991839243
74756 27.702 0.772545 383.011 278.526 816665676
74993 15.1149 0.954651 2035.59 212.847 345024287
75235 17.8172 0.0722089 578.642 240.15 49538846
75237 15.1941 0.974867 2699.22 441.186 399956900
75239 46.3797 0.753307 2863.55 530.623 1054791712
75240 14.4411 0.998828 1569.47 1053.3 177432926
75245 14.0611 0.587088 3147.38 375.264 332735127
75253 14.8655 0.857152 3516.09 532.634 1107075843
75257 26.6656 0.455508 1215.63 1038.44 527795953
75261 14.5315 -0.94765 1430.11 1066.89 601168881
75262 18.5882 -0.401896 874.241 221.735 742979687
75277 22.3007 -0.355114 530.845 298.069 375437897
75305 14.1386 0.922929 1690.06 1356.56 100102600
75319 53.3137 0.691166 1443.29 229.746 779987032
75321 15.7133 0.826395 2303.62 600.332 1043607674
75322 15.5489 0.933427 1312.28 640.889 543096284
75323 14.028 0.993569 1317.75 262.264 170421910
75340 22.9255 -0.846845 706.064 304.32 380789630
75366 29.2167 0.525066 1413.81 630.21 43704789
75383 14.8489 0.40688 969.03 370.786 166026447
75401 63.045 0.0242498 1891.09 742.523 1057639708
75402 14.0894 0.902905 1478.21 429.406 921932722
75438 46.7677 0.184233 381.509 260.546 542682063
75448 55.9897 0.201949 2393.39 344.127 578431561
75465 14.4549 0.986097 2438.67 559.238 542618596
75470 20.1106 -0.873367 685.13 684.946 90288748
75474 18.971 0.817212 2972.67 947.142 1010470408
75477 66.72 0.559021 712.479 474.097 748305212
75477 14.1362 0.875742 1752.27 332.386 1136499172
75478 29.6994 -0.542378 2342.4 363.951 248556044
75551 45.8259 0.0956372 1436.16 532.832 288842255
75552 14.2165 -0.323352 904.301 205.209 541558363
75552 68.9509 0.214741 2862.61 943.119 599334897
75605 14.6952 0.981741 987.765 371.359 532737580
75610 25.9914 -0.343594 394.37 205.714 1064930972
75611 79.8451 0.106037 735.069 624.526 1062149888
75626 15.5936 0.964916 3801.71 396.551 562975453
75630 14.9408 0.8036 758.844 328.99 1154838713
75648 14.1105 0.920552 1650.85 405.422 940567167
75650 74.4798 -0.0842532 1329.97 985.261 200234277
75696 14.5942 -0.317575 1337.59 870.486 1179045485
75702 14.3468 0.335028 977.267 754.739 759356302
75712 79.2795 -0.504705 2125.27 875.552 630403911
75737 48.4396 -0.729109 3118.51 1226.68 779882537
75738 14.8661 0.851472 2756.26 528.019 31264500
75738 14.6698 0.991563 2033.91 261.355 181920723
75749 14.5524 0.993853 574.472 394.793 196552758
75757 14.644 0.529621 2073.63 811.867 1058713972
75759 78.5219 -0.982046 1013.07 451.108 715369756
75770 14.9525 0.990188 1693.45 311.083 947329331
75771 14.5164 0.0292053 2879.81 451.013 327442418
75771 14.2159 0.984218 1831.02 1193.71 599796263
75771 63.472 0.497583 2851.17 717.89 1198782348
75775 14.5301 0.205314 577.444 206.316 26048216
75870 15.0319 0.814707 1199.83 1049.86 353589717
75870 43.3425 0.571807 2579.4 543.001 459830952
75870 33.6049 -0.749016 2157.83 1098.85 747498724
75875 14.7083 0.997738 1651.85 658.393 635840267
75887 39.6766 -0.502109 952.561 456.552 238976832
75888 14.2772 0.80823 1621.48 367.15 36801211
75892 14.2199 0.283338 1966.44 874.839 572424775
75918 39.7028 0.796649 1351.95 639.76 305520572
75920 77.1285 0.368565 976.77 329.542 195366849
75923 14.9721 0.92457 2287.79 784.599 162560398
75928 55.6576 -0.86791 1821.28 1199.83 1142687040
75945 15.4944 0.963203 1090.4 437.317 1023590989
75964 15.7526 0.651418 881.232 361.448 62030291
75965 14.7738 0.985248 1178.57 1162.78 397328825
76018 49.713 -0.267597 2480.13 1247.9 704485734
76030 15.0087 0.948303 2485.41 1051.37 210732563
76061 14.9959 0.995703 2646.3 706.679 18038026
76089 16.1466 0.434087 2325.97 516.529 83650829
76098 14.1774 0.994412 2278.78 1013.29 38100844
76232 71.117 0.742128 1332.18 466.957 132575065
76646 14.2066 0.993745 1790.64 321.156 86211119
76673 22.3624 -0.0912576 713.098 221.828 80499271
76727 14.9579 -0.396453 904.621 244.437 684752280
76797 34.4518 -0.861498 2269.55 707.386 28770330
76827 15.2358 0.994099 2319.1 782.233 694233970
76897 78.1971 0.646528 858.247 815.275 605338513
76903 51.7634 -0.995808 2126.13 668.986 762757686
76921 14.3613 -0.523581 893.517 349.024 239732584
77016 14.5901 0.968663 2807.11 912.105 262014300
77032 14.3962 0.414367 1278.94 1146.62 410475278
77042 44.2882 0.984882 3865.18 655.032 28290209
77092 51.1687 -0.110891 2031.57 427.866 303647801
77102 14.5734 0.85301 798.401 729.919 947206006
77103 44.7053 0.890498 325.372 209.345 12103126
77107 37.5018 0.228618 2525.53 1193.31 675145870
77109 39.4642 -0.181206 2650.57 298.231 108487515
77145 14.9627 0.91706 1640.05 654.655 266653613
77150 28.5064 0.540258 924.856 870.741 533848610
77176 15.4067 0.72862 1977.57 544.292 1022784971
77177 18.8854 -0.484966 3115.41 816.766 966682989
77178 14.5082 -0.26583 2579.9 705.87 48678425
77181 14.0619 0.393271 1140.31 1029.11 393676925
77218 30.2422 0.326453 1574.67 683.265 130378408
77235 14.1991 0.811434 2036.52 268.645 767783357
77235 51.8529 -0.99258 343.987 240.494 878674113
77237 14.0846 -0.264404 1442.86 1029.7 209914354
77300 18.7781 0.544892 921.763 449.156 490789542
77316 14.2669 -0.379469 2398 600.645 376639000
77345 52.8896 -0.938001 474.304 473.039 215709860
77424 14.1963 -0.305427 680.826 202.686 749008231
77525 15.829 -0.878114 3021.46 304.471 58637335
77526 31.9833 -0.185889 2545.74 390.45 145144207
77529 14.1729 0.0682336 2411.88 1077.9 147289475
77545 14.6552 0.921787 1152.97 452.925 1038000616
77546 53.3362 -0.0454087 1636.53 356.866 80823288
77548 15.327 0.563435 1462.2 1265.64 169247932
77557 40.1745 -0.275306 2472.02 753.044 297133810
77584 58.4195 -0.264023 443.106 312.333 1146895867
77715 65.1703 -0.414181 1678.77 905.246 94080723
77779 41.0829 0.420323 2312.03 398.674 1177496836
77782 14.1886 0.942326 1209.04 1188.78 639308203
77785 61.1665 -0.22519 2414.83 261.428 918137813
77791 45.81 0.943537 814.64 602.744 824871479
77797 14.8895 0.781772 892.634 656.104 561480907
77830 15.6974 0.983054 1304.5 688.212 1138488688
77850 15.4622 -0.604891 582.347 428.985 380404038
77855 14.8357 -0.0673117 591.627 225.927 223080855
77873 14.9095 0.963182 871.982 203.333 600281741
77894 23.5185 -0.825337 2084.64 480.008 418655618
77903 14.0827 -0.959091 2347.77 423.425 1148362413
77942 50.6936 -0.565739 2136.95 1298.16 1211145573
77951 14.2388 0.846614 807.037 594.026 543730408
