61646 14.1816 0.530168 12174058
62140 14.3106 -0.108417 24044077
62428 74.4127 -0.951722 81062205
62431 52.7648 0.811446 205271455
62435 14.5979 0.987921 46669938
62470 14.2275 0.315115 186862199
62513 15.6981 0.608952 96514423
62597 15.2155 -0.74796 74265312
62674 22.663 0.884819 216873118
62738 49.4991 -0.793373 12885316
62780 14.0861 0.940666 87356286
62842 34.6161 0.849101 124623475
62844 67.5058 0.281586 90532628
62865 14.4014 -0.910422 224605676
62870 18.2136 -0.13556 240538707
62999 68.7226 -0.186379 20569000
63083 53.7633 0.0271063 148802168
63194 29.8508 0.265116 165854814
63203 45.5847 -0.573611 18769482
63204 14.3424 -0.3792 105236666
63345 15.0958 0.999173 71383607
63386 26.1416 0.534749 64051297
63415 15.0758 0.947019 164036300
63415 14.6899 0.962538 182974010
63416 14.1504 -0.342252 85500141
63765 37.372 0.155144 9918818
63765 15.0782 0.00837728 127923702
63813 58.9864 -0.0443247 38952361
63821 25.0733 -0.0695853 132199999
63920 62.1276 -0.00805587 212236520
63921 14.7349 0.0258588 27236156
63932 76.7508 0.984928 16866429
63932 14.2756 0.937267 180642550
63945 40.8436 -0.573098 111198434
64021 14.7797 0.659352 193706000
64087 67.333 -0.767384 35247821
64118 14.0818 0.989681 34476939
64278 14.3796 0.996538 154149675
64279 46.7856 0.860894 192066634
64290 43.8778 -0.637495 67771427
64294 14.6844 0.509091 90539611
64320 47.7944 0.569079 16265227
64375 14.1287 0.822188 186039189
64383 14.9588 0.77009 164089835
64517 14.9858 -0.730081 167806137
64558 15.4727 0.999116 101078235
64558 52.5884 0.946302 132366102
64663 15.3811 -0.585479 134069220
64663 17.2984 0.575259 198808631
64664 14.783 0.957847 200407133
64665 16.0337 -0.8373 64330310
64665 63.9446 -0.113351 75516655
64789 59.3344 0.0129486 36580469
64801 15.5481 0.396323 10922151
64828 60.0314 0.809067 151330286
64832 38.1976 0.914211 125327293
64833 15.6591 0.413718 57553206
64857 14.5402 0.975642 136461078
64863 53.0995 -0.585259 67338879
64864 14.9751 0.903169 205597948
64887 14.1465 0.865121 29253045
65133 14.1204 0.945442 73125478
65232 14.6984 0.011564 89275998
65335 14.5242 -0.727179 25351873
65397 14.1465 0.552093 122727169
65408 15.164 0.985473 154038811
65413 15.498 0.978493 185738006
65465 33.1386 -0.17337 219886569
65494 78.5764 0.490017 93228044
65540 23.1667 0.500421 11122082
65674 30.2412 -0.211868 53415070
65691 14.5486 0.931782 38726244
65755 14.2495 0.00923674 20195910
65773 15.946 0.684833 121953614
65885 14.0156 0.990493 57449644
65923 16.7835 0.120052 69578298
65927 55.4512 0.933516 137817941
65962 14.2446 0.956448 56418016
66097 15.4461 -0.904858 27978820
66097 14.4948 -0.533731 233307391
66102 15.6335 0.994048 70409406
66146 14.3293 0.420491 69749635
66151 31.6983 0.129302 24540397
66156 66.3167 0.755163 115631912
66203 14.0987 0.521741 173962036
66260 25.0386 -0.183727 45643761
66277 45.6897 0.665511 227605782
66315 14.8713 0.760074 145022691
66439 42.2387 -0.486444 23309168
66463 21.4935 0.801438 63818440
66467 62.7701 -0.508221 103858119
66472 14.6168 0.721281 91297259
66523 14.2069 0.978303 72122423
66572 43.2429 -0.310733 67061378
66583 14.0912 0.986083 8250556
66608 45.4785 -0.951271 32461479
66612 47.985 0.0437664 109984765
66653 14.2671 0.995356 238597473
66655 15.2898 -0.577972 133640450
66665 28.3087 0.631049 70497105
66665 14.7141 0.991338 240485486
66678 14.5849 -0.773775 81763908
66688 14.5289 -0.571225 119079413
66723 14.0042 -0.140888 283938480
66730 14.5472 0.960133 290505374
66789 14.0602 0.960416 19283078
66835 15.6895 0.693567 122532727
66852 14.2741 0.128652 55622630
66918 15.1651 -0.174686 12780285
66924 33.4922 -0.829827 54757737
66936 32.7057 0.583999 125842003
66938 14.7932 0.89096 14004417
66946 15.0819 0.984887 61235701
66955 76.6398 -0.83984 176193147
66968 32.1701 -0.299182 76545642
66971 14.4796 -0.308202 46111919
66972 14.9037 -0.5438 196350644
66990 14.5664 0.711677 191111628
67043 14.2869 0.817535 32234375
67063 36.7083 -0.0646949 6910615
67075 15.4658 0.280719 189080066
67077 46.7034 0.0599247 192685693
67362 18.8825 -0.720847 96289006
67372 14.2783 0.983924 35755942
67380 15.5961 0.8485 67977188
67382 56.7669 0.9556 78199989
67385 31.0719 -0.0968926 333056736
67408 14.4177 -0.0454046 228296706
67409 14.1321 0.8383 67919577
67409 42.1527 -0.780307 154881929
67429 63.9451 0.507929 164917545
67570 14.5157 0.754328 66407057
67599 33.4178 0.318174 326782
67606 14.0899 0.938663 67607758
67606 14.9151 0.866956 268992247
67607 14.1518 0.955198 276875706
67747 14.6491 0.989882 74854934
67759 14.341 -0.268269 54022179
67792 14.8649 0.807329 88404630
67807 14.5244 0.408764 32414948
67835 14.6963 0.815428 23595371
67836 46.041 0.467679 108029875
67837 65.9876 0.301442 56405307
67845 14.6926 0.370124 216856355
67884 14.9235 -0.661821 151288519
67885 77.9891 -0.738657 172331482
67963 14.0788 -0.48966 198385107
67964 14.1403 0.961484 100386364
67968 14.8314 0.956715 134163359
68011 14.2703 0.99806 66205179
68015 55.954 0.31957 77756027
68040 14.6187 0.985769 213393758
68048 36.3729 -0.365309 137887439
68050 15.7364 -0.620572 37818063
68056 15.2373 0.804725 137130343
68082 15.1685 0.897754 111548462
68092 15.4384 0.970981 142314025
68093 16.8849 -0.153504 123225896
68094 14.1709 0.647583 11653959
68102 41.8214 -0.0803507 25371951
68111 14.5497 0.625252 40301497
68120 19.6433 0.797781 32644123
68121 14.7979 0.971195 283623936
68194 14.2872 0.726513 236810067
68200 14.0485 0.982405 52833834
68202 15.5954 0.965389 3557474
68205 18.4909 -0.376988 112970931
68212 15.6846 -0.295496 134690565
68215 14.5793 0.976618 40270787
68223 14.382 -0.622245 247154625
68251 14.1555 0.937962 184602250
68256 15.5746 0.246554 219784933
68261 14.642 0.756881 83518607
68270 44.0184 0.43148 64513159
68273 24.6034 0.362525 189344627
68275 14.0275 0.986257 210176169
68295 15.6347 -0.918649 209046315
68296 14.3576 0.994683 40108815
68297 15.3721 0.605586 67632020
68364 50.5863 0.646825 105438902
68370 15.2804 0.997014 2454226
68372 14.5701 -0.34251 251069
68372 14.8936 0.147446 3659941
68405 43.7522 -0.990037 42118488
68429 14.0207 0.870395 46307528
68473 14.7712 -0.620967 107093840
68474 14.8679 -0.916551 67698093
68474 16.7567 0.177504 96456431
68492 60.4911 0.181753 185995985
68518 71.3251 0.473924 101478948
68525 15.5706 0.942581 110445744
68528 14.4222 0.940388 205257776
68528 14.6579 0.98817 257484014
68530 44.3973 0.259684 123674646
68532 14.8998 -0.952012 259160907
68548 79.5709 -0.429105 50670576
68558 15.3188 0.953113 164784294
68636 17.458 -0.444436 143030100
68642 14.4993 0.841535 124645646
68643 14.8329 -0.179088 98571168
68660 14.4165 0.94286 15347002
68757 15.3222 0.542776 7015773
68763 14.9913 0.209525 93622787
68763 55.3047 0.293221 162322683
68765 58.429 0.674802 138571811
68766 14.9179 0.617376 120324509
68766 15.4501 -0.537817 137486392
68767 15.6154 0.885172 204654152
68843 14.2702 -0.436983 88211668
68883 48.7137 -0.443234 212927438
68980 14.1262 0.367277 62055649
69015 28.3277 -0.264609 214863895
69033 69.9944 -0.319709 6574890
69039 14.0557 0.985576 5939297
69071 76.1794 -0.874777 79514138
69092 53.0456 -0.806307 215959352
69109 15.1315 -0.044949 234897959
69132 15.1081 0.996542 54856107
69156 14.2226 0.978064 55656439
69161 39.8488 0.020836 68404991
69176 14.2522 0.965071 822034
69206 14.2947 -0.481394 321814101
69369 45.6412 -0.477383 25710741
69378 14.238 0.162926 187665067
69392 14.362 0.997156 106904470
69394 15.6948 0.235696 81690394
69405 20.1684 -0.840407 191937238
69405 14.1822 0.992966 266402777
69433 39.9055 -0.627987 137581059
69486 47.7423 0.592626 108965871
69523 14.967 0.908371 248921712
69553 15.5878 -0.742632 108095423
69582 14.2555 0.759214 166947047
69586 14.11 -0.00367159 20964055
69613 37.512 0.131971 52596481
69621 14.4987 0.121562 219417591
69625 35.3654 0.664237 310503714
69630 15.2482 0.938523 45985210
69675 44.9293 -0.992165 279409095
69678 15.547 0.976805 39890241
69689 32.1045 -0.954161 177064878
69695 14.0946 -0.353002 182943276
69705 15.3902 -0.229329 39092834
69725 53.0111 -0.0650404 270675687
69736 20.1263 0.122283 133120658
69745 77.8298 0.431148 350150852
69754 14.0117 -0.512751 76293381
69760 36.1517 0.810634 165517883
69773 14.2316 0.989373 206185888
69777 14.3173 -0.366901 752836
69779 24.2591 -0.705749 169014021
69779 21.8257 0.134406 302779960
69798 65.9418 0.0999897 110357544
69804 15.5885 0.98968 366521323
69809 36.6082 0.288264 270087560
69822 48.2776 -0.905085 68736797
69822 14.4744 0.998431 98893413
69822 15.7004 0.931418 124549282
69886 15.6401 -0.470567 45048823
70190 14.6067 0.987176 15248782
70194 15.0505 0.992734 233356621
70299 14.3792 0.924795 48923944
70304 14.2772 0.981339 166690016
70313 40.0049 0.221114 169163705
70317 14.352 -0.195312 161557455
70329 34.2862 0.570438 297085980
70331 14.9584 -0.40135 87864637
70358 15.0178 0.967237 74278555
70358 14.1471 0.421447 198531418
70390 15.2205 0.885456 160858080
70474 14.1833 -0.366907 104162746
70482 14.0649 0.958223 186448857
70500 39.4101 -0.357022 203553755
70523 14.2116 0.37536 37373299
70538 15.1774 0.995255 133848441
70613 76.8149 0.457151 66796214
70701 31.9755 0.653491 330935409
70716 14.4056 -0.435565 284114957
70717 43.1059 0.594195 73398732
70728 14.9597 0.62769 161819635
70746 41.8646 0.604972 302736267
70787 14.0206 0.10471 208731609
70788 14.9101 -0.141223 80495161
70789 15.1837 0.972603 260293643
70829 14.6203 0.658128 25357648
70839 41.5547 -0.85889 95188666
70842 14.2666 0.976923 88510931
70845 20.0275 -0.194613 30714759
70855 42.4642 -0.13542 228728680
70858 14.1658 0.597264 79884714
70863 66.6675 -0.812398 338040273
70876 14.6809 -0.00677663 137070052
70877 27.8977 -0.591792 131165407
70880 14.3888 0.958046 77882399
70888 15.3123 -0.407933 164674047
70902 14.6487 0.967049 50371219
70903 14.5746 0.963503 25923
70904 14.0929 0.613809 49621411
70917 14.6074 0.57266 15628725
70920 40.1326 0.617114 269710967
70985 43.3634 -0.126168 170264080
70985 14.0442 0.135251 339559199
70988 54.4418 0.610773 89776935
71045 14.2467 0.662383 201430704
71059 14.3967 0.966583 245810009
71067 14.1085 0.976374 330187180
71155 65.7275 0.461707 366293703
71242 15.0262 0.997106 134810224
71246 14.1667 0.377165 277673640
71246 74.663 -0.969167 307770542
71320 14.0237 -0.468771 347457627
71321 43.1266 -0.796959 21332866
71327 14.3221 0.822967 42270904
71338 15.3735 -0.113465 209650413
71343 42.2339 0.192039 78869391
71414 18.5384 -0.712674 202600268
71414 14.1586 0.878952 303841648
71417 14.5198 0.737063 346847395
71452 26.2466 -0.271003 205480711
71452 14.745 0.563491 234041973
71460 14.8767 0.978333 23204430
71482 60.3846 0.793183 265348233
71484 42.4389 -0.92198 358169927
71825 15.5032 -0.635993 63756289
71825 15.1483 0.0629496 75510519
71832 14.3071 -0.104923 299788203
71839 73.6783 -0.932488 322159650
71847 71.2173 0.0150531 248283445
71848 14.3484 0.797879 189819438
71850 50.2086 -0.987312 2213199
71850 15.4805 0.163847 8994174
71854 69.4893 -0.138273 87372345
71855 49.8785 0.106126 123016854
71861 14.0041 0.95202 34344977
71861 21.2157 0.21978 123229020
71886 27.9403 0.48766 3808577
71892 14.6815 0.985449 44823917
71899 51.1949 0.729531 218396138
71952 14.8364 0.642748 126438391
71952 14.2246 0.262516 212174101
71955 15.4235 0.394404 171441397
71960 63.8877 -0.671831 293064049
72021 14.25 0.867755 11193132
72067 16.179 -0.151276 264032962
72073 56.8608 -0.356906 103176522
72105 30.9813 0.0317653 186949257
72128 14.2868 0.983714 122580072
72151 39.3254 0.00672471 278352669
72154 14.9735 0.70745 295666102
72155 25.7739 0.451165 9423102
72164 14.3662 0.898868 33662262
72165 15.8045 0.94021 339020299
72165 70.6972 -0.977874 374755841
72214 55.227 -0.729965 51744504
72226 14.1034 0.976747 8492384
72240 63.6555 0.31444 61039114
72278 16.4334 -0.942226 250939193
72306 72.1979 0.255624 382371340
72322 55.4546 0.0449447 2514914
72330 15.177 -0.382405 176861774
72364 23.9452 0.52596 400559328
72368 14.4003 0.837662 222748802
72369 56.0788 0.816438 435612247
72372 17.7159 -0.598672 332015926
72373 79.131 0.836778 330938839
72375 40.3838 -0.838885 35984537
72394 14.2393 0.972003 37383921
72408 14.0896 0.36861 303600632
72414 14.3893 0.64515 191153948
72419 48.5011 -0.202886 35431130
72476 31.5511 0.192257 260333002
72478 15.653 0.942311 14195436
72485 15.4451 0.922175 24276296
72501 26.4655 0.197163 152860825
72501 14.3316 -0.15777 393513797
72557 71.1895 -0.403467 285247831
72583 15.5651 0.66236 257960148
72586 14.1609 -0.517871 172441272
72621 14.7488 0.842683 5372177
72646 14.3243 -0.664523 99917008
72666 14.2887 0.913084 256753702
72667 14.1675 0.729764 313341706
72667 56.6473 0.102493 378586744
72712 14.1445 0.411717 50462975
72732 29.2864 0.0583647 293156863
72742 15.8268 -0.0522045 64825478
72750 14.6111 0.690106 414103122
72754 28.2636 0.88101 316706301
72756 14.8497 0.888627 182814603
72758 53.6588 -0.507915 10321812
72758 14.7981 -0.0666279 207255416
72768 15.6918 0.989435 20838040
72774 14.0584 0.999727 57101102
72799 14.7618 0.935602 315386376
72829 66.0424 -0.765343 61809659
72832 14.5373 -0.90925 244525943
72850 14.1581 0.908872 89618020
72867 16.1424 -0.179556 30628983
72881 14.6281 0.976985 134001098
72895 48.2392 0.121767 356813786
72904 36.5586 0.115828 325407246
72911 14.7703 0.986668 306866404
72975 15.5803 -0.239949 370014784
73032 44.3348 -0.422504 112996916
73035 50.9796 -0.0821298 236957129
73073 30.9798 -0.0226674 54129186
73223 65.7487 0.265764 63522937
73243 14.0959 0.943573 158546290
73244 14.6801 0.543857 88791875
73244 24.2993 0.306877 201353830
73259 15.6318 0.954257 267338400
73260 28.6397 -0.90772 384610178
73286 14.8806 0.986197 156246691
73290 14.8136 0.994569 274216340
73297 14.6581 0.505493 293270193
73303 14.4794 0.927395 420877166
73308 14.076 -0.154073 277171551
73318 14.5791 -0.364212 284957230
73323 17.7243 -0.45708 270536861
73329 29.745 -0.532602 221141776
73331 16.1859 -0.15127 185171763
73332 78.5354 -0.0878449 132498252
73348 14.1137 -0.639671 332235285
73363 15.2231 0.0701316 301645083
73365 47.3046 -0.611048 264173842
73369 38.4635 0.408774 291877168
73373 14.8525 0.966306 351930987
73375 14.0727 0.596515 370184486
73385 14.8665 0.820544 407151711
73387 14.1896 -0.00934723 450014918
73404 31.7567 0.615447 256987496
73430 39.5709 0.510701 100734468
73432 38.4749 -0.48591 100052431
73446 34.3267 -0.684432 210078421
73463 26.7498 -0.923992 45928046
73489 14.569 0.96962 177878656
73492 23.5808 0.688939 124328720
73505 44.2733 -0.874767 321223780
73513 14.6823 0.196478 185497595
73525 14.3017 0.982192 98852553
73529 41.8037 0.0638264 85161742
73535 14.5272 0.996736 445296477
73536 14.2081 0.665152 81686998
73547 14.0891 0.902481 332865722
73556 15.4286 0.908281 20872233
73568 64.5466 0.654822 119332910
73568 17.1855 0.347527 281857918
73597 14.2625 -0.0987934 1767563
73605 14.1687 0.96845 243046589
73634 14.4172 0.312866 435105958
73647 23.6656 0.174897 383389456
73651 29.1446 0.720757 405016805
73654 18.8265 0.535202 656555725
73654 15.6595 -0.056992 950397836
73667 15.9367 0.811 903182941
73667 51.2354 0.0306817 1018278566
73708 15.8896 0.266244 335748347
73733 41.386 -0.0362338 166332713
73738 14.9579 -0.965446 171914386
73749 42.755 0.488352 87587423
73836 31.7188 -0.066006 560209908
73839 42.0707 0.78395 388231991
73845 14.0107 -0.326921 837911704
73885 14.5266 -0.871542 440876538
73889 14.0769 -0.700278 691196668
73893 70.2314 0.864531 512002762
73904 14.3884 0.923639 90980207
73911 16.321 -0.0786769 429111732
73932 74.0338 -0.867265 80578659
73945 73.5204 0.538557 244995445
73945 14.6014 0.96383 801320170
73948 14.1924 0.993931 836365276
73952 14.8516 0.95991 376557529
73952 17.6708 -0.470154 853494533
73953 14.6308 0.990422 361809223
74017 15.4873 0.166455 360800419
74017 14.5258 0.680682 430237872
74020 14.148 0.933553 950729330
74043 15.0563 0.991762 708743023
74043 15.1447 -0.393969 894486439
74054 14.2059 0.938427 380008456
74056 60.06 0.320958 919020609
74129 14.0824 -0.0173292 964217588
74131 62.201 -0.914518 49499745
74132 34.4886 0.878942 835174226
74153 56.4611 0.979363 69666433
74155 14.3136 0.949989 199721680
74156 14.1366 -0.117495 52996532
74157 14.3575 -0.0106436 596284408
74159 14.308 0.806129 738309127
74161 14.5706 0.984245 581758665
74162 62.9002 0.460294 551159925
74163 43.8706 0.380681 320318832
74175 31.1475 0.552409 93006988
74177 28.9426 -0.152623 328227406
74184 14.3043 0.992612 403364501
74188 72.4542 0.514351 443858465
74191 14.1294 0.947588 482441270
74202 14.2834 0.193821 542614442
74205 52.7655 -0.910351 135327724
74210 15.138 -0.507268 679449118
74217 15.0936 0.994834 265898652
74219 43.8339 -0.672916 134318808
74219 15.6729 0.98128 866694644
74219 14.6898 0.63812 966402727
74240 19.8534 -0.129761 224861338
74241 14.7863 0.29018 403055546
74243 15.5713 0.224736 872245789
74247 14.2259 0.979086 969319169
74248 64.6521 -0.670944 921928196
74250 15.0012 0.943041 377831116
74263 15.2141 0.960666 367867809
74275 14.4884 0.993761 304653628
74315 14.7668 0.145188 513625501
74362 14.1929 -0.74692 818726460
74364 15.5665 0.976136 408479482
74374 15.0451 0.294481 895263787
74391 14.2091 0.921526 628317869
74397 44.5053 -0.000489324 499454809
74415 22.5399 -0.0547067 116612534
74419 54.1316 -0.7849 225034990
74420 14.3855 0.986594 1086043538
74422 35.6461 -0.585608 655942182
74434 42.8541 -0.335652 245618661
74450 14.7163 0.274799 696429296
74462 14.471 0.953028 433858104
74464 15.5699 0.916178 537368355
74466 14.5918 0.953402 47214207
74466 18.399 -0.274644 667984601
74480 14.2209 0.399301 337730584
74481 14.2873 -0.282005 38911970
74483 54.5793 -0.726026 126745963
74549 14.5639 0.70261 49243459
74549 15.5679 0.918498 949480416
74553 14.435 -0.891075 151518539
74557 14.9595 0.986588 73275258
74558 14.3008 0.584301 140016636
74560 14.586 0.988703 703238225
74561 28.9365 -0.697111 278413606
74574 14.3713 0.954795 394138728
74584 15.137 0.995858 330091927
74586 15.6429 -0.993464 287283356
74599 14.1357 0.980892 73018249
74599 15.7855 0.988769 1059178698
74601 34.7351 0.0103311 564588067
74660 14.0837 0.718044 156025135
74687 18.8652 0.226243 673964787
74729 14.2324 0.800839 602511045
74733 36.1806 0.286634 923674393
74735 49.5759 -0.827494 722540351
74736 15.0047 0.991368 737168117
74739 15.3973 0.991027 924064433
74747 72.5557 -0.0756802 1751941
74751 14.3057 0.509519 404428702
74753 27.411 -0.8483 991839243
74756 27.702 0.772545 816665676
74993 15.1149 0.954651 345024287
75235 17.8172 0.0722089 49538846
75237 15.1941 0.974867 399956900
75239 46.3797 0.753307 1054791712
75240 14.4411 0.998828 177432926
75245 14.0611 0.587088 332735127
75253 14.8655 0.857152 1107075843
75257 26.6656 0.455508 527795953
75261 14.5315 -0.94765 601168881
75262 18.5882 -0.401896 742979687
75277 22.3007 -0.355114 375437897
75305 14.1386 0.922929 100102600
75319 53.3137 0.691166 779987032
75321 15.7133 0.826395 1043607674
75322 15.5489 0.933427 543096284
75323 14.028 0.993569 170421910
75340 22.9255 -0.846845 380789630
75366 29.2167 0.525066 43704789
75383 14.8489 0.40688 166026447
75401 63.045 0.0242498 1057639708
75402 14.0894 0.902905 921932722
75438 46.7677 0.184233 542682063
75448 55.9897 0.201949 578431561
75465 14.4549 0.986097 542618596
75470 20.1106 -0.873367 90288748
75474 18.971 0.817212 1010470408
75477 66.72 0.559021 748305212
75477 14.1362 0.875742 1136499172
75478 29.6994 -0.542378 248556044
75551 45.8259 0.0956372 288842255
75552 14.2165 -0.323352 541558363
75552 68.9509 0.214741 599334897
75605 14.6952 0.981741 532737580
75610 25.9914 -0.343594 1064930972
75611 79.8451 0.106037 1062149888
75626 15.5936 0.964916 562975453
75630 14.9408 0.8036 1154838713
75648 14.1105 0.920552 940567167
75650 74.4798 -0.0842532 200234277
75696 14.5942 -0.317575 1179045485
75702 14.3468 0.335028 759356302
75712 79.2795 -0.504705 630403911
75737 48.4396 -0.729109 779882537
75738 14.8661 0.851472 31264500
75738 14.6698 0.991563 181920723
75749 14.5524 0.993853 196552758
75757 14.644 0.529621 1058713972
75759 78.5219 -0.982046 715369756
75770 14.9525 0.990188 947329331
75771 14.5164 0.0292053 327442418
75771 14.2159 0.984218 599796263
75771 63.472 0.497583 1198782348
75775 14.5301 0.205314 26048216
75870 15.0319 0.814707 353589717
75870 43.3425 0.571807 459830952
75870 33.6049 -0.749016 747498724
75875 14.7083 0.997738 635840267
75887 39.6766 -0.502109 238976832
75888 14.2772 0.80823 36801211
75892 14.2199 0.283338 572424775
75918 39.7028 0.796649 305520572
75920 77.1285 0.368565 195366849
75923 14.9721 0.92457 162560398
75928 55.6576 -0.86791 1142687040
75945 15.4944 0.963203 1023590989
75964 15.7526 0.651418 62030291
75965 14.7738 0.985248 397328825
76018 49.713 -0.267597 704485734
76030 15.0087 0.948303 210732563
76061 14.9959 0.995703 18038026
76089 16.1466 0.434087 83650829
76098 14.1774 0.994412 38100844
76232 71.117 0.742128 132575065
76646 14.2066 0.993745 86211119
76673 22.3624 -0.0912576 80499271
76727 14.9579 -0.396453 684752280
76797 34.4518 -0.861498 28770330
76827 15.2358 0.994099 694233970
76897 78.1971 0.646528 605338513
76903 51.7634 -0.995808 762757686
76921 14.3613 -0.523581 239732584
77016 14.5901 0.968663 262014300
77032 14.3962 0.414367 410475278
77042 44.2882 0.984882 28290209
77092 51.1687 -0.110891 303647801
77102 14.5734 0.85301 947206006
77103 44.7053 0.890498 12103126
77107 37.5018 0.228618 675145870
77109 39.4642 -0.181206 108487515
77145 14.9627 0.91706 266653613
77150 28.5064 0.540258 533848610
77176 15.4067 0.72862 1022784971
77177 18.8854 -0.484966 966682989
77178 14.5082 -0.26583 48678425
77181 14.0619 0.393271 393676925
77218 30.2422 0.326453 130378408
77235 14.1991 0.811434 767783357
77235 51.8529 -0.99258 878674113
77237 14.0846 -0.264404 209914354
77300 18.7781 0.544892 490789542
77316 14.2669 -0.379469 376639000
77345 52.8896 -0.938001 215709860
77424 14.1963 -0.305427 749008231
77525 15.829 -0.878114 58637335
77526 31.9833 -0.185889 145144207
77529 14.1729 0.0682336 147289475
77545 14.6552 0.921787 1038000616
77546 53.3362 -0.0454087 80823288
77548 15.327 0.563435 169247932
77557 40.1745 -0.275306 297133810
77584 58.4195 -0.264023 1146895867
77715 65.1703 -0.414181 94080723
77779 41.0829 0.420323 1177496836
77782 14.1886 0.942326 639308203
77785 61.1665 -0.22519 918137813
77791 45.81 0.943537 824871479
77797 14.8895 0.781772 561480907
77830 15.6974 0.983054 1138488688
77850 15.4622 -0.604891 380404038
77855 14.8357 -0.0673117 223080855
77873 14.9095 0.963182 600281741
77894 23.5185 -0.825337 418655618
77903 14.0827 -0.959091 1148362413
77942 50.6936 -0.565739 1211145573
77951 14.2388 0.846614 543730408
