 30647  40.1878433
 30668  53.1395111
 30722  49.7252007
 31000  35.9275856
 31024  88.1741333
 31058  42.261116
 31063  51.3791199
 31173  78.3278656
 31176  36.4785995
 31176  84.9337921
 31267  50.4106102
 31268  25.7624359
 31305  39.9161263
 31433  44.1758461
 31474  47.8379478
 31489  31.2776337
 31503  25.1931343
 31547  55.4480476
 31547  78.3448257
 31551  55.370388
 31682  20.3508625
 31696  55.7094879
 31696  44.9497795
 31776  32.4247589
 31777  45.1942101
 31793  87.775238
 31793  52.6478691
 31830  31.257555
 31846  52.2711143
 31858  87.122406
 31861  34.4674797
 31969  41.9596367
 31971  42.5462952
 32010  43.5361023
 32043  33.0990067
 32062  33.1570435
 32065  81.2386627
 32067  84.5374603
 32111  78.7064285
 32196  31.2465076
 32214  44.7044067
 32237  29.0969009
 32238  37.2931442
 32256  17.5993404
 32296  49.2758217
 32368  88.8885345
 32393  28.2661896
 32416  49.8987694
 32429  45.0114403
 32430  82.6113205
 32536  71.7537384
 33091  66.8693314
 33103  50.5188255
 33115  66.2700882
 33123  38.8889542
 33131  45.2868996
 33135  50.9957733
 33169  21.5386429
 33188  75.3203888
 33188  54.7589607
 33235  36.8926468
 33254  20.6992016
 33271  64.9259415
 33277  56.3956184
 33285  37.2962112
 33288  80.4197311
 33405  18.9576778
 33407  24.5867462
 33408  88.450058
 33520  34.9503784
 33548  36.6798325
 33568  32.5689964
 33571  16.3916969
 33571  35.1557121
 33578  86.0005493
 33627  25.6193829
 33630  86.2025299
 33630  16.2606087
 33631  49.6711426
 33645  71.7454224
 33982  54.3024635
 34008  21.9828396
 34012  57.5524902
 34054  20.0518417
 34054  51.7177315
 34143  69.8692551
 34163  82.6337891
 34170  67.2487488
 34176  25.0588837
 34222  31.422596
 34323  76.5558701
 34382  70.5514221
 34396  37.5481529
 34396  25.8651581
 34630  80.1250458
 34643  85.4961166
 34652  22.9217148
 34652  48.8438339
 34654  82.9680557
 34661  43.9098167
 34971  42.4885674
 34972  51.1110954
 35086  47.1957855
 35145  47.2136192
 35156  64.4328766
