 2016  45.2483978
 2043  45.7448959
 2071  39.2713242
 2148  53.0650826
 2570  26.4384518
 2573  39.2566986
 2589  20.9330597
 2592  49.6959419
 2686  32.311306
 2759  33.2868843
 2883  54.820816
 2886  32.3641243
 2946  44.8547363
 2962  40.6169357
 2973  35.412674
 3067  37.9909325
 3143  44.4244652
 3293  30.9674473
 3295  36.721859
 3300  57.150959
 3318  49.6208572
 3365  37.1793098
 3367  48.6834679
 3514  23.7719517
 3516  36.8660088
 3523  20.9110146
 3682  46.4272766
 3688  30.590744
 3691  43.9598656
 3738  36.0712166
 3774  57.8741379
 3851  19.3425751
 3944  30.6656399
 3944  21.1712894
 3952  44.3934822
 4002  45.6477356
 4046  47.9810791
 4052  43.7452393
 4216  32.4731331
 4224  33.2355576
 4269  30.3085365
 4376  18.9216003
 4390  32.4079895
 4392  43.394928
 4408  24.5140457
 4411  50.4477692
 4515  38.9764023
 4569  45.0902519
 4704  31.2358189
 4967  33.9142723
 5119  24.6324768
 5126  33.7790642
 5166  49.3791656
 5351  41.6315308
 5376  56.4506607
 5395  47.2684937
 5417  33.0928688
 5419  34.4275208
 5445  60.5285797
 5454  40.1279945
 5454  34.5881958
 5490  34.4699326
 5513  58.9898605
 5543  48.092247
 5596  44.3648682
 5597  50.3204422
 5602  57.5198593
 5602  39.5333405
 5712  44.4149132
 5718  50.4942169
 5840  46.0921249
 5886  51.6791725
 5901  20.0430756
 6055  50.8242836
 6061  42.6410332
 6070  49.3657265
 6084  41.3647346
 6153  28.2053528
 6179  31.8811646
 6183  29.4686871
 6224  47.4094315
 6271  47.9157448
 6551  37.4545479
 6575  44.4409828
 6894  56.5078087
 6922  44.6944275
 6970  28.442173
 7011  17.3115158
 7021  44.3734779
 7035  36.7039223
 7035  28.3977089
 7076  40.9063301
 7083  25.4278107
 7084  36.4035988
 7143  30.5484085
 7299  49.4046326
 7312  54.3909035
 7363  45.6261902
 7396  22.6025944
 7426  33.1230354
 7436  32.7080498
 7450  52.6924629
 7456  37.5156364
 7495  45.1896706
 7498  49.327198
 7697  31.7159729
 7698  51.4576111
 7791  33.2784615
 7797  49.482769
 7814  34.6567383
 7815  19.7737045
 7819  26.5458908
 7839  50.2261925
 7861  40.5956345
 7872  41.4061432
 7939  45.0463943
 7991  36.8832626
 8025  41.788044
 8072  47.4010963
 8073  20.2292976
 8106  18.2143822
 8188  42.1326141
 8207  33.6391411
 8211  48.1205673
 8236  33.9723663
 8243  47.5892792
 8254  34.1245842
 8278  41.1524315
 8283  42.1203156
 8287  50.4826164
 8287  53.6431465
 8334  24.2778187
 8354  37.9880943
 8359  46.0005951
 8405  45.1116028
 8405  37.9654007
 8587  35.5450516
 8587  38.5094948
 8695  40.3407707
 8790  29.5651302
 8842  46.8298569
 8874  54.2550354
 8879  43.9884605
 8881  28.765707
 8909  31.8863735
 8963  39.9195023
 8999  16.1421909
 9097  47.2432899
 9166  28.9959869
 9200  16.2360249
 9204  25.4223843
 9222  52.8490524
 9253  29.2027607
 9261  30.3674984
 9302  23.8165264
 9302  43.4281502
 9464  34.1839638
 9470  53.3670502
 9505  29.3502064
 9584  29.7483273
 9600  25.3350563
 9601  48.6018639
 9614  36.0415421
 9661  48.7762222
 9667  33.6029968
 9704  43.9062195
 9738  43.7865143
 9756  37.675499
 9764  40.4845543
 9829  30.7106476
 9880  52.4257164
 9933  26.3971443
 9972  32.1138229
 10131  47.9919281
 10178  22.2794476
 10270  37.2754974
 10301  43.6818504
 10323  20.0030804
 2241  66.6668549
 2333  58.9584427
 3009  76.4105682
 3483  83.8252563
 3606  78.8268661
 3682  68.3787918
 3683  55.5151482
 3755  58.2010155
 3774  72.9901505
 3840  74.681633
 4022  67.9769974
 4392  71.9931412
 4739  64.0832748
 5140  84.2308044
 5352  89.1838379
 5602  76.3685074
 5675  58.1567116
 5764  78.8507385
 5847  62.7229538
 5928  86.9503632
 6113  57.3745575
 6502  88.0947418
 6545  86.1934433
 6876  71.0437775
 6922  65.385788
 6958  88.0363922
 7147  73.5684891
 7420  89.6485214
 7461  74.9951553
 7733  62.5756836
 7814  76.0587845
 7892  61.362484
 8067  68.2917709
 8110  60.0774117
 8113  89.9085693
 8168  70.206131
 8480  74.4182587
 8486  69.3744659
 8695  88.6141434
 8741  85.7029953
 8742  79.3886337
 8880  69.6937408
 8858  85.4405823
 8880  69.6937408
 9002  74.0727234
 9003  81.3949356
 9250  73.2394638
 9328  83.5715179
 9356  79.4974747
 9356  57.7269821
 9493  86.8471603
 9620  71.2309952
 9641  67.9626846
 9664  72.0317764
 9667  80.3950729
 9667  79.2535095
 9689  73.3163147
 9759  54.7000198
 9784  49.7700958
 9836  85.2562256
 9855  78.6272354
 9865  80.1244583
 9913  72.6338425
 9928  75.9030609
 9974  56.7764359
 10295  72.1288223
 10314  71.3958893
