 2065  27.2997513
 2893  18.4900742
 3040  26.0245876
 3195  33.8950119
 3517  35.8584366
 3809  21.2725124
 3837  19.6920185
 3965  20.5937119
 4142  16.0668774
 4478  16.6761246
 5058  21.1412888
 5273  16.7245502
 5539  19.6689701
 5607  20.4310055
 5827  17.0905571
 5928  18.1989498
 5996  21.0034599
 6233  19.6176071
 6369  16.6453037
 6697  30.630064
 6958  19.3685207
 7008  16.0703812
 7392  16.297266
 7892  24.2121201
 7913  41.1306305
 8250  27.5948696
 8267  21.1262817
 8285  22.7439442
 8373  31.7914028
 8382  23.0070152
 8401  16.4222546
 8476  25.2273903
 8672  29.3764591
 9273  19.1465034
 9403  17.3866959
 9667  24.1555824
 9801  17.2685032
 9862  16.2885418
 9917  32.6593513
 9920  34.7168541
 9955  19.2669716
 10258  46.4277954
 10258  21.1699905
 10258  23.3199959
 10258  21.9590397
 10258  18.7238064
 10258  16.4879932
 10272  26.5914364
 10297  17.3251438
 7250  86.4250793
 10258  65.1633224
