 1968  41.1866875
 2019  41.4879684
 2552  32.9205818
 2552  28.3223553
 2676  42.4858742
 2959  56.2770348
 3067  45.8876228
 3151  46.3495483
 3398  35.0901642
 3420  25.1518116
 3688  28.7612228
 4028  17.2438107
 4194  20.1517239
 4402  39.5955353
 4550  42.5883369
 4585  55.9879074
 5222  22.3581028
 5387  21.67099
 5490  27.7282772
 6012  41.6788101
 6094  34.8783607
 7448  52.279335
 7492  43.0332489
 7818  17.9506989
 7842  32.0575142
 8025  47.8513069
 8026  25.1415997
 8240  30.5370903
 8283  25.7569656
 8552  24.8298569
 8918  44.3583755
 8998  37.394928
 9183  58.7997742
 9250  39.238987
 2315  69.4070206
 3456  56.7270393
 5836  72.0318604
 6001  80.5553207
 6207  70.3772049
 7467  85.4985428
 8550  81.8530045
 8645  85.4103241
 9013  83.9475174
 9252  66.900322
 9901  60.32407
 9906  75.6748581
 10262  79.6006699
