63579 23.0166
63824 17.8781
64021 37.9776
64138 15.2684
64175 14.5601
64558 43.6036
65492 18.1261
65999 29.6426
66696 17.8869
67527 21.0942
68147 15.384
68272 60.2406
68647 18.4571
68986 24.0538
69739 56.6906
70727 16.2557
71419 21.071
71866 18.1329
72503 32.4632
72569 19.4785
72586 14.97
72733 26.0201
72914 48.5399
73004 31.5401
73239 33.498
73488 18.1983
73529 14.8897
73543 19.462
73586 16.0429
73627 23.6319
73932 17.8681
73944 26.7601
73954 18.6278
74153 16.4136
74482 18.9025
74664 16.3442
74754 15.3067
75512 27.4487
75600 19.8706
75766 24.2889
75878 17.5239
77300 20.9003
77334 19.6928
77558 15.9384
77785 16.4464
