62428 72.2734 0.924234 -0.951722 -5
62780 14.0205 0.997692 0.940666 0.506558
63928 58.0031 0.971839 0.128443 -5
65408 27.3858 0.999987 0.414067 -5
65772 26.654 0.869002 0.911354 -5
65964 18.2171 0.996568 0.108302 0.358844
66044 21.3017 0.53388 0.0133651 0.568392
66499 49.0534 0.921274 -0.853567 -5
66794 46.1611 0.964697 -0.445389 -5
67566 41.8822 0.962872 -0.0870508 -5
68136 52.9969 0.828797 0.351853 -5
68240 39.4473 0.898252 -0.339849 -5
68417 42.6037 0.999967 0.484225 -5
68487 46.2038 0.998207 -0.837024 -5
68491 23.5528 0.890473 0.693321 0.54639
68642 32.0494 0.993411 0.687118 -5
69051 32.0603 0.998228 0.504229 -5
69080 30.4089 0.973682 -0.60578 -5
69641 46.3006 0.997724 -0.586967 -5
69647 40.222 0.997653 -0.162705 -5
69798 64.0347 0.976232 0.0999897 -5
70392 44.5707 0.98295 -0.607859 -5
70877 46.0747 0.996557 0.67579 -5
70880 36.7607 0.998784 0.683116 -5
70882 14.6981 0.998984 -0.395732 0.351177
71826 19.7844 0.872633 0.563113 0.396999
71866 47.6858 0.71999 0.28774 -5
72306 71.0386 0.999521 0.255624 -5
72476 31.5377 0.747568 0.192257 -5
72769 22.15 0.871398 -0.608182 0.342479
72829 79.0323 0.998877 -0.0822273 -5
72855 34.6856 0.99794 -0.113992 -5
73239 34.5687 0.956243 -0.27837 -5
73263 21.7609 0.989777 0.256834 0.562814
73546 52.5287 0.929825 0.709985 -5
73747 44.4822 0.802506 -0.0628855 -5
73945 71.8825 0.98519 0.538557 -5
74155 14.7809 0.999891 -0.904995 0.500829
74577 40.508 0.949206 0.248661 -5
75253 41.8139 0.994387 -0.302598 -5
75650 75.0333 0.998809 -0.0842532 -5
75699 22.8754 0.999359 0.841527 0.332608
75712 79.0823 0.824924 -0.504705 -5
75792 43.991 0.999375 0.0986057 -5
75892 37.6598 0.98066 -0.0022499 -5
76734 40.3024 0.972126 -0.110767 -5
77546 53.1863 0.991681 -0.0454087 -5
77785 58.9101 0.994563 -0.279795 -5
77894 23.3417 0.651373 -0.825337 0.507179
