63579 23.6052
63824 17.6594
64558 45.2737
65200 18.7054
65492 17.9814
66695 41.261
66696 18.063
67527 20.8202
67893 36.8059
68272 60.4593
68647 18.1947
69207 94.6911
69739 57.3658
70727 16.0605
71244 20.5695
71485 84.9621
71866 18.4055
72083 35.6815
72368 31.8115
72369 19.1056
72503 33.7138
72569 20.0938
72653 28.5082
72733 26.0774
72846 18.8239
72914 49.9968
73004 30.7884
73317 40.5595
73488 18.0742
73586 16.2407
73734 21.9041
73944 26.9111
74153 16.4856
74465 20.3259
74485 31.1951
74664 16.2987
75600 20.1742
75766 24.9664
75878 56.5979
76705 40.3597
76742 22.6142
77034 36.9665
77300 21.4027
77334 20.1578
77785 16.6516
77871 24.9614
