  0.5  0.04466836  0.  0.
  0.600000024  0.06025596  0.  0.
  0.699999988  0.08128305  0.  0.
  0.800000012  0.1096478  0.  0.
  0.899999976  0.1479108  0.  0.
  1.  0.1995262  0.  0.
  1.10000002  0.2187762  0.  0.
  1.20000005  0.2398833  0.  0.
  1.29999995  0.2630268  0.  0.
  1.39999998  0.2884031  0.  0.
  1.5  0.3162278  0.  0.
  1.60000002  0.3467368  0.  0.
  1.70000005  0.3801894  0.  0.
  1.79999995  0.4168694  0.  0.
  1.89999998  0.4570882  0.  0.
  2.  0.5011872  0.  0.
  2.0999999  0.5128614  0.  0.
  2.20000005  0.5248075  0.  0.
  2.29999995  0.5370318  0.  0.
  2.4000001  0.5495409  0.  0.
  2.5  0.5623413  0.  0.
  2.5999999  0.5754399  0.  0.
  2.70000005  0.5888436  0.  0.
  2.79999995  0.6025596  0.  0.
  2.9000001  0.616595  0.  0.
  3.  0.6309574  0.  0.
  3.0999999  0.6456543  0.  0.
  3.20000005  0.6606935  0.  0.
  3.29999995  0.676083  0.00372000001  0.00251502877
  3.4000001  0.691831  0.00409777798  0.00283496984
  3.5  0.7079458  0.00448731668  0.003176777
  3.5999999  0.724436  0.00492390171  0.00356705166
  3.70000005  0.7413102  0.00536048785  0.00397378432
  3.79999995  0.7585776  0.0057970725  0.00439752934
  3.9000001  0.7762471  0.00624340922  0.0048464283
  4.  0.7943282  0.00677749962  0.00538355907
  4.0999999  0.8035261  0.00731159002  0.00587505341
  4.19999981  0.8128305  0.00784568116  0.00637720894
  4.30000019  0.8222427  0.00837977454  0.00689020844
  4.4000001  0.8317638  0.00896000043  0.007452604
  4.5  0.8413951  0.00955999941  0.00804373666
  4.5999999  0.8511381  0.0101599991  0.00864756236
  4.69999981  0.8609937  0.0107599981  0.00926429059
  4.80000019  0.8709636  0.0113600001  0.00989414656
  4.9000001  0.8810489  0.0120178565  0.0105883193
  5.  0.8912509  0.0127142847  0.0113316176
  5.0999999  0.8851156  0.0134107128  0.0118700311
  5.19999981  0.8790225  0.0141071409  0.0124004943
  5.30000019  0.8729714  0.014803572  0.012923095
  5.4000001  0.8669619  0.0155000001  0.0134379096
  5.5  0.8609937  0.016306451  0.0140397515
  5.5999999  0.8550667  0.0171129018  0.0146326725
  5.69999981  0.8491805  0.0179193527  0.0152167648
  5.80000019  0.8433347  0.018725808  0.0157921236
  5.9000001  0.8375293  0.0195322588  0.016358839
  6.  0.8317638  0.0203387097  0.0169170024
  6.0999999  0.8184648  0.0212314278  0.0173771763
  6.19999981  0.8053784  0.0221457139  0.0178356796
  6.30000019  0.7925013  0.0230600014  0.0182750811
  6.4000001  0.7798301  0.0239742875  0.018695871
  6.5  0.7673615  0.0248885721  0.019098532
  6.5999999  0.7550922  0.0258028567  0.0194835358
  6.69999981  0.7430192  0.0267171413  0.0198513489
  6.80000019  0.7311391  0.0277311742  0.0202753458
  6.9000001  0.719449  0.0287701339  0.020698644
  7.  0.7079458  0.0298090935  0.0211032225
  7.0999999  0.699842  0.0308480501  0.0215887611
  7.19999981  0.691831  0.0318870127  0.0220604239
  7.30000019  0.6839116  0.0329259783  0.0225184585
  7.4000001  0.676083  0.0339649409  0.0229631191
  7.5  0.6683439  0.035017243  0.0234035608
  7.5999999  0.6606935  0.0361896574  0.0239102714
  7.69999981  0.6531305  0.0373620689  0.0244023067
  7.80000019  0.6456543  0.0385344863  0.0248799568
  7.9000001  0.6382635  0.0397069007  0.0253434654
  8.  0.6309574  0.0408793122  0.0257931045
  8.10000038  0.6237348  0.0420517325  0.026229129
  8.19999981  0.616595  0.043224138  0.0266517874
  8.30000019  0.6095369  0.0443965584  0.0270613406
  8.40000057  0.6025596  0.0456106484  0.0274831341
  8.5  0.5956622  0.0468872368  0.0279289546
  8.60000038  0.5888436  0.0481638372  0.0283609673
  8.69999981  0.5821032  0.0494404227  0.0287794282
  8.80000019  0.5754399  0.050717026  0.0291846004
  8.90000057  0.5688529  0.0520813823  0.0296266453
  9.  0.5623413  0.0534833312  0.030075886
  9.10000038  0.5559043  0.0548852921  0.0305109699
  9.19999981  0.5495409  0.0562872529  0.0309321476
  9.30000019  0.5432503  0.0576892138  0.0313396827
  9.40000057  0.5370318  0.0590911806  0.0317338431
  9.5  0.5308844  0.0604931295  0.0321148588
  9.60000038  0.5248075  0.0618950963  0.0324830108
  9.69999981  0.5188  0.0632970512  0.0328385102
  9.80000019  0.5128614  0.064699018  0.033181629
  9.90000057  0.5069907  0.0661739171  0.0335495605
  10.  0.5011872  0.0677217364  0.0339412675
  10.1000004  0.490364  0.0692695677  0.0339673023
  10.1999998  0.4809758  0.0708173871  0.0340614494
  10.3000002  0.4717674  0.0723652124  0.0341395481
  10.3999996  0.4627351  0.0739130318  0.0342021542
  10.5  0.453876  0.0754608691  0.0342498774
  10.6000004  0.4451863  0.0770087004  0.0342832184
  10.6999998  0.4366632  0.0785565138  0.0343027387
  10.8000002  0.428303  0.080104351  0.0343089339
  10.8999996  0.420103  0.0816521704  0.0343023217
  11.  0.4120601  0.0832000017  0.034283401
  11.1000004  0.404171  0.0848769307  0.034304794
  11.1999998  0.3964331  0.0865538478  0.0343128102
  11.3000002  0.3888432  0.0882307708  0.0343079353
  11.3999996  0.3813987  0.0899076879  0.0342906753
  11.5  0.3740967  0.0915846169  0.034261503
  11.6000004  0.3669344  0.0932615399  0.0342208672
  11.6999998  0.3599094  0.094938457  0.0341692431
  11.8000002  0.3530188  0.096615386  0.0341070476
  11.8999996  0.3462601  0.0982922971  0.0340347006
  12.  0.3396309  0.0999692261  0.0339526382
  12.1000004  0.3331285  0.101646161  0.0338612332
  12.1999998  0.3267506  0.103323066  0.0337608739
  12.3000002  0.3204949  0.104999995  0.033651963
  12.3999996  0.3143589  0.106999981  0.0336363965
  12.5  0.3083404  0.108999991  0.033609101
  12.6000004  0.3024371  0.111000001  0.0335705185
  12.6999998  0.2966469  0.112999988  0.033521096
  12.8000002  0.2909675  0.11500001  0.0334612653
  12.8999996  0.2853967  0.116999996  0.0333914127
  13.  0.2799328  0.119000006  0.0333120048
  13.1000004  0.2745733  0.121000004  0.0332233703
  13.1999998  0.2693166  0.123000002  0.0331259423
  13.3000002  0.2641604  0.125  0.03302005
  13.3999996  0.2591029  0.126999998  0.0329060678
  13.5  0.2541423  0.128999996  0.0327843557
  13.6000004  0.2492767  0.131000018  0.0326552522
  13.6999998  0.2445042  0.133000004  0.0325190596
  13.8000002  0.2398231  0.135125005  0.0324060976
  13.8999996  0.2352316  0.137249994  0.0322855358
  14.  0.230728  0.139375007  0.0321577167
  14.1000004  0.2263106  0.14150002  0.0320229544
  14.1999998  0.2219779  0.143624997  0.0318815753
  14.3000002  0.217728  0.14575001  0.0317338582
  14.3999996  0.2135595  0.147874999  0.0315801109
  14.5  0.2094708  0.15  0.03142062
  14.6000004  0.2054605  0.152125013  0.0312556812
  14.6999998  0.2015269  0.154250002  0.0310855247
  14.8000002  0.1976686  0.156375003  0.0309104279
  14.8999996  0.1938841  0.15849998  0.030730626
  15.  0.1901722  0.160624993  0.0305464083
  15.1000004  0.1865312  0.162750006  0.0303579539
  15.1999998  0.18296  0.164874995  0.030165529
  15.3000002  0.1794572  0.166999996  0.0299693516
  15.3999996  0.1760214  0.169470572  0.0298304474
  15.5  0.1726514  0.171941173  0.0296858842
  15.6000004  0.169346  0.174411762  0.0295359342
  15.6999998  0.1661038  0.176882339  0.0293808286
  15.8000002  0.1629237  0.179352939  0.0292208444
  15.8999996  0.1598044  0.181823516  0.0290561979
  16.  0.1567449  0.184294105  0.028887161
  16.1000004  0.153744  0.186764705  0.0287139528
  16.2000008  0.1508005  0.189235306  0.0285367787
  16.2999992  0.1479134  0.191705847  0.0283558636
  16.3999996  0.1450815  0.194176447  0.0281714103
  16.5  0.1423039  0.196647048  0.0279836419
  16.6000004  0.1395794  0.199117649  0.0277927219
  16.7000008  0.1369071  0.201588249  0.0275988626
  16.7999992  0.134286  0.20405879  0.0274022387
  16.8999996  0.1317151  0.206529403  0.0272030409
  17.  0.1291933  0.208999991  0.0270013986
  17.1000004  0.1267199  0.211599994  0.02681393
  17.2000008  0.1242938  0.21420002  0.0266237344
  17.2999992  0.1219141  0.216799974  0.0264309738
  17.3999996  0.1195801  0.219399977  0.0262358712
  17.5  0.1172907  0.221999979  0.0260385329
  17.6000004  0.1150451  0.224600005  0.0258391301
  17.7000008  0.1128425  0.227200007  0.0256378168
  17.7999992  0.1106821  0.229799986  0.025434745
  17.8999996  0.1085631  0.232399988  0.0252300632
  18.  0.1064846  0.23499999  0.02502388
  18.1000004  0.1044459  0.237599993  0.0248163451
  18.2000008  0.1024462  0.240200019  0.0246075792
  18.2999992  0.1004848  0.242799973  0.0243977068
  18.3999996  0.09856105  0.245399976  0.0241868793
  18.5  0.09667407  0.248000002  0.0239751695
  18.6000004  0.09482319  0.25059998  0.0237626896
  18.7000008  0.09300777  0.253200006  0.023549568
  18.7999992  0.09122711  0.255799985  0.0233358934
  18.8999996  0.08948056  0.258399963  0.0231217734
  19.  0.0877674  0.26099999  0.0229072905
  19.1000004  0.08608706  0.263863659  0.0227152466
  19.2000008  0.0844389  0.266727257  0.0225221562
  19.2999992  0.08282227  0.269590855  0.0223281266
  19.3999996  0.08123663  0.272454524  0.0221332874
  19.5  0.07968133  0.27531817  0.0219377179
  19.6000004  0.07815581  0.278181791  0.0217415232
  19.7000008  0.07665947  0.281045485  0.0215447979
  19.7999992  0.0751918  0.283909059  0.0213476332
  19.8999996  0.07375225  0.28677268  0.0211501304
  20.  0.07234021  0.28963635  0.0209523544
  20.1000004  0.07095525  0.292499995  0.0207544103
  20.2000008  0.06959678  0.295363641  0.0205563583
  20.2999992  0.06826431  0.298227239  0.0203582767
  20.3999996  0.06695738  0.301090884  0.0201602567
  20.5  0.06567546  0.30395453  0.0199623536
  20.6000004  0.06441808  0.306818175  0.0197646378
  20.7000008  0.06318478  0.309681821  0.0195671777
  20.7999992  0.06197506  0.312545395  0.0193700196
  20.8999996  0.06078856  0.315409064  0.0191732628
  21.  0.05962474  0.318272686  0.0189769262
  21.1000004  0.0584832  0.321136355  0.0187810817
  21.2000008  0.0573635  0.324000001  0.0185857741
  21.2999992  0.05626525  0.327208304  0.018410457
  21.3999996  0.05518806  0.330416632  0.0182350529
  21.5  0.05413147  0.333624983  0.0180596107
  21.6000004  0.05309508  0.336833334  0.0178841928
  21.7000008  0.05207856  0.340041661  0.0177088801
  21.7999992  0.0510815  0.343249965  0.0175337231
  21.8999996  0.05010355  0.346458292  0.0173587904
  22.  0.04914428  0.349666643  0.0171841154
  22.1000004  0.0482034  0.352874994  0.0170097745
  22.2000008  0.04728052  0.356083345  0.0168358057
  22.2999992  0.04637533  0.359291649  0.0166622688
  22.3999996  0.04548746  0.362499952  0.0164892021
  22.5  0.04461658  0.365708351  0.0163166559
  22.6000004  0.04376238  0.368916655  0.0161446708
  22.7000008  0.04292454  0.37212503  0.0159732957
  22.7999992  0.04210274  0.375333309  0.0158025607
  22.8999996  0.04129666  0.37854166  0.0156325062
  23.  0.04050603  0.381750011  0.0154631774
  23.1000004  0.03973053  0.384958363  0.0152945998
  23.2000008  0.03896987  0.38816669  0.0151268054
  23.2999992  0.03822376  0.391374993  0.0149598238
  23.3999996  0.03749198  0.394583344  0.0147937109
  23.5  0.03677418  0.397791672  0.0146284625
  23.6000004  0.03607013  0.401000023  0.014464123
  23.7000008  0.03537954  0.404357195  0.0143059716
  23.7999992  0.03470219  0.407714272  0.0141485781
  23.8999996  0.03403781  0.411071396  0.0139919701
  24.  0.03338615  0.414428568  0.0138361743
  24.1000004  0.03274694  0.41778574  0.0136812046
  24.2000008  0.03211999  0.421142864  0.0135271046
  24.2999992  0.03150505  0.424499989  0.0133738934
  24.3999996  0.03090187  0.427857113  0.0132215849
  24.5  0.03031025  0.431214285  0.0130702128
  24.6000004  0.02972995  0.434571457  0.0129197877
  24.7000008  0.02916076  0.437928581  0.0127703303
  24.7999992  0.02860247  0.441285706  0.0126218612
  24.8999996  0.02805486  0.44464283  0.0124743923
  25.  0.02751774  0.448000002  0.0123279476
  25.1000004  0.02699091  0.451357174  0.0121825409
  25.2000008  0.02647416  0.454714298  0.0120381791
  25.2999992  0.02596729  0.458071423  0.0118948735
  25.3999996  0.02547015  0.461428547  0.0117526543
  25.5  0.02498251  0.464785719  0.0116115139
  25.6000004  0.02450422  0.468142891  0.0114714764
  25.7000008  0.02403506  0.471500015  0.0113325312
  25.7999992  0.0235749  0.47485714  0.0111947096
  25.8999996  0.02312357  0.478214264  0.011058021
  26.  0.02268086  0.481571436  0.0109224543
  26.1000004  0.02224662  0.484928608  0.0107880225
  26.2000008  0.0218207  0.488285732  0.0106547365
  26.2999992  0.02140293  0.491642857  0.0105225976
  26.3999996  0.02099318  0.494999981  0.0103916237
  26.5  0.02059125  0.498890638  0.0102727819
  26.6000004  0.02019702  0.502781296  0.0101546839
  26.7000008  0.01981034  0.506671906  0.0100373427
  26.7999992  0.01943107  0.510562468  0.00992077505
  26.8999996  0.01905905  0.514453125  0.00980498783
  27.  0.01869416  0.518343782  0.0096900016
  27.1000004  0.01833626  0.522234392  0.0095758256
  27.2000008  0.0179852  0.526125002  0.00946246338
  27.2999992  0.01764087  0.530015564  0.00934993566
  27.3999996  0.01730313  0.533906269  0.00923824958
  27.5  0.01697185  0.537796879  0.00912740796
  27.6000004  0.01664692  0.541687536  0.00901742908
  27.7000008  0.01632821  0.545578194  0.00890831532
  27.7999992  0.01601559  0.549468756  0.00880006631
  27.8999996  0.01570898  0.553359365  0.0086927112
  28.  0.01540823  0.557250023  0.00858623652
  28.1000004  0.01511323  0.561140633  0.00848064744
  28.2000008  0.01482388  0.56503129  0.00837595604
  28.2999992  0.01454007  0.568921852  0.00827216355
  28.3999996  0.0142617  0.57281251  0.00816928017
  28.5  0.01398866  0.576703167  0.00806730452
  28.6000004  0.01372083  0.580593777  0.00796622851
  28.7000008  0.01345814  0.584484386  0.0078660727
  28.7999992  0.01320048  0.588374996  0.00776683237
  28.8999996  0.01294776  0.592265606  0.00766851292
  29.  0.01269987  0.596156263  0.00757110704
  29.1000004  0.01245672  0.600046921  0.00747461648
  29.2000008  0.01221823  0.603937531  0.00737904765
  29.2999992  0.01198431  0.60782814  0.00728440086
  29.3999996  0.01175487  0.61171875  0.00719067438
  29.5  0.01152982  0.61560936  0.00709786511
  29.6000004  0.01130908  0.619500065  0.00700597579
  29.7000008  0.01109256  0.623390675  0.00691499846
  29.7999992  0.01088018  0.627281284  0.00682493328
  29.8999996  0.01067188  0.631171894  0.00673579071
  30.  0.01046757  0.635062504  0.00664756121
  30.1000004  0.01026716  0.638953161  0.00656023434
  30.2000008  0.01007059  0.642843819  0.00647381653
  30.2999992  0.009877786  0.646734381  0.00638830381
  30.3999996  0.009688677  0.650625038  0.00630369584
  30.5  0.009503185  0.654515648  0.00621998329
  30.6000004  0.009321239  0.658406305  0.00613716253
  30.7000008  0.00914278  0.662296915  0.00605523499
  30.7999992  0.008967739  0.666187525  0.00597419585
  30.8999996  0.008796053  0.670078135  0.00589404279
  31.  0.008627646  0.673968792  0.00581476415
  31.1000004  0.008462466  0.677859402  0.00573636214
  31.2000008  0.008300449  0.681750059  0.0056588316
  31.2999992  0.008141534  0.685640621  0.00558216643
  31.3999996  0.007985662  0.689531279  0.00550636373
  31.5  0.007832775  0.693421936  0.00543141801
  31.6000004  0.007682813  0.697312546  0.00535732189
  31.7000008  0.007535724  0.701203203  0.00528407381
  31.7999992  0.00739145  0.705093765  0.00521166531
  31.8999996  0.007249938  0.708984423  0.00514009311
  32.  0.007111136  0.712874985  0.00506935097
  32.0999985  0.006974987  0.716765594  0.0049994307
  32.2000008  0.006841452  0.7206563  0.00493033548
  32.2999992  0.00671047  0.724546862  0.00486204998
  32.4000015  0.006581993  0.728437614  0.00479457128
  32.5  0.006455982  0.732328176  0.00472789753
  32.5999985  0.006332377  0.736218691  0.00466201431
  32.7000008  0.006211142  0.740109444  0.00459692485
  32.7999992  0.00609223  0.744000006  0.00453261915
  32.9000015  0.00597559  0.748315907  0.00447162905
  33.  0.005861188  0.752631617  0.0044113154
  33.0999985  0.00574897  0.756947327  0.00435166747
  33.2000008  0.005638905  0.761263227  0.00429269102
  33.2999992  0.005530949  0.765578938  0.00423437806
  33.4000015  0.005425055  0.769894838  0.00417672184
  33.5  0.00532119  0.774210548  0.00411972143
  33.5999985  0.005219312  0.778526306  0.00406337169
  33.7000008  0.005119389  0.782842159  0.00400767354
  33.7999992  0.005021379  0.787157869  0.00395261799
  33.9000015  0.00492524  0.79147377  0.00389819827
  34.  0.004830945  0.795789528  0.00384441544
  34.0999985  0.004738453  0.80010519  0.00379126084
  34.2000008  0.004647736  0.804421139  0.00373873709
  34.2999992  0.004558754  0.808736897  0.00368683256
  34.4000015  0.004471473  0.81305275  0.00363554342
  34.5  0.004385867  0.817368507  0.00358486956
  34.5999985  0.004301896  0.821684265  0.00353480025
  34.7000008  0.004219537  0.826000023  0.00348533766
  34.7999992  0.004138753  0.830315781  0.00343647193
  34.9000015  0.004059513  0.834631729  0.00338819835
  35.  0.003981794  0.838947392  0.00334051569
  35.0999985  0.00390556  0.843263149  0.00329341483
  35.2000008  0.003830786  0.847579002  0.00324689378
  35.2999992  0.003757446  0.85189476  0.00320094856
  35.4000015  0.003685507  0.856210613  0.00315557021
  35.5  0.003614947  0.860526371  0.00311075722
  35.5999985  0.003545736  0.864842033  0.00306650153
  35.7000008  0.003477853  0.869157982  0.00302280369
  35.7999992  0.00341127  0.87347374  0.00297965476
  35.9000015  0.003345959  0.877789593  0.00293704799
  36.  0.003281899  0.882105255  0.00289498035
  36.0999985  0.003219065  0.886421013  0.00285344686
  36.2000008  0.003157436  0.890736961  0.00281244495
  36.2999992  0.003096986  0.895052624  0.00277196545
  36.4000015  0.003037692  0.899368572  0.00273200472
  36.5  0.002979536  0.903684235  0.00269255971
  36.5999985  0.00292249  0.907999992  0.0026536209
  36.7000008  0.00286654  0.912465191  0.00261561797
  36.7999992  0.002811659  0.916930199  0.00257809505
  36.9000015  0.002757827  0.921395493  0.00254104937
  37.  0.002705029  0.9258605  0.0025044795
  37.0999985  0.002653239  0.930325508  0.00246837592
  37.2000008  0.002602442  0.934790802  0.00243273884
  37.2999992  0.002552619  0.93925581  0.00239756223
  37.4000015  0.002503747  0.943721104  0.00236283888
  37.5  0.002455813  0.948186111  0.00232856778
  37.5999985  0.002408794  0.952651119  0.0022947403
  37.7000008  0.002362677  0.957116318  0.00226135671
  37.7999992  0.002317444  0.961581326  0.00222841087
  37.9000015  0.002273075  0.966046524  0.0021958962
  38.  0.002229556  0.970511627  0.00216381002
  38.0999985  0.00218687  0.97497673  0.00213214736
  38.2000008  0.002145002  0.979441833  0.00210090469
  38.2999992  0.002103937  0.983906937  0.00207007821
  38.4000015  0.002063655  0.988372135  0.0020396591
  38.5  0.002024146  0.992837238  0.00200964752
  38.5999985  0.001985392  0.997302246  0.0019800359
  38.7000008  0.001947382  1.00176754  0.00195082408
  38.7999992  0.001910099  1.00623245  0.0019220036
  38.9000015  0.001873528  1.01069775  0.00189357053
  39.  0.00183766  1.01516275  0.00186552399
  39.0999985  0.001802476  1.01962776  0.00183785457
  39.2000008  0.001767968  1.02409306  0.00181056375
  39.2999992  0.00173412  1.02855806  0.00178364311
  39.4000015  0.001700919  1.03302326  0.00175708889
  39.5  0.001668355  1.03748837  0.0017308989
  39.5999985  0.001636413  1.04195337  0.00170506604
  39.7000008  0.001605083  1.04641857  0.00167958866
  39.7999992  0.001574354  1.05088367  0.00165446292
  39.9000015  0.001544212  1.05534878  0.00162968225
  40.  0.001514648  1.05981388  0.00160524498
  40.0999985  0.001485649  1.06427889  0.00158114487
  40.2000008  0.001457206  1.06874409  0.0015573803
  40.2999992  0.001429308  1.07320919  0.00153394648
  40.4000015  0.001401943  1.07767448  0.0015108382
  40.5  0.001375102  1.08213949  0.00148805218
  40.5999985  0.001348775  1.0866045  0.00146558498
  40.7000008  0.001322952  1.09106979  0.00144343297
  40.7999992  0.001297624  1.0955348  0.00142159225
  40.9000015  0.00127278  1.1  0.001400058
  41.  0.001248413  1.10478258  0.00137922494
  41.0999985  0.001224511  1.10956507  0.00135867463
  41.2000008  0.001201068  1.11434774  0.00133840742
  41.2999992  0.001178073  1.11913033  0.00131841722
  41.4000015  0.001155519  1.1239131  0.00129870294
  41.5  0.001133396  1.12869558  0.00127925906
  41.5999985  0.001111696  1.13347816  0.00126008314
  41.7000008  0.001090413  1.13826084  0.00124117442
  41.7999992  0.001069536  1.14304333  0.00122252599
  41.9000015  0.00104906  1.14782619  0.00120413855
  42.  0.001028975  1.15260868  0.00118600552
  42.0999985  0.001009274  1.15739117  0.00116812481
  42.2000008  0.0009899522  1.16217384  0.00115049655
  42.2999992  0.0009709993  1.16695652  0.00113311396
  42.4000015  0.0009524084  1.1717392  0.00111597425
  42.5  0.0009341752  1.17652178  0.00109907747
  42.5999985  0.0009162892  1.18130417  0.00108241625
  42.7000008  0.0008987474  1.18608694  0.00106599255
  42.7999992  0.0008815405  1.19086952  0.00104979971
  42.9000015  0.0008646623  1.1956522  0.00103383538
  43.  0.0008481089  1.20043478  0.00101809942
  43.0999985  0.0008318708  1.20521727  0.00100258505
  43.2000008  0.0008159443  1.21000004  0.000987292634
  43.2999992  0.0008003236  1.21520004  0.000972553273
  43.4000015  0.0007850004  1.22040005  0.000958014525
  43.5  0.0007699713  1.22560005  0.000943676865
  43.5999985  0.00075523  1.23079987  0.000929536983
  43.7000008  0.0007407708  1.23600006  0.000915592754
  43.7999992  0.0007265892  1.24119987  0.000901842424
  43.9000015  0.0007126778  1.24640007  0.00088828166
  44.  0.0006990334  1.25159998  0.000874910189
  44.0999985  0.0006856501  1.25679989  0.000861724969
  44.2000008  0.0006725231  1.26200008  0.000848724209
  44.2999992  0.0006596475  1.26719999  0.000835905307
  44.4000015  0.0006470183  1.27240009  0.000823266145
  44.5  0.000634631  1.27759991  0.000810804507
  44.5999985  0.0006224807  1.28279991  0.000798518187
  44.7000008  0.0006105631  1.28800011  0.000786405338
  44.7999992  0.0005988737  1.29319992  0.000774463421
  44.9000015  0.0005874081  1.29840012  0.000762690745
  45.  0.000576162  1.30359993  0.000751084743
  45.0999985  0.0005651311  1.30879993  0.000739643547
  45.2000008  0.0005543116  1.31400013  0.000728365514
  45.2999992  0.0005436991  1.31919994  0.000717247822
  45.4000015  0.0005332898  1.32439995  0.000706288983
  45.5  0.0005230798  1.32959995  0.000695486877
  45.5999985  0.0005130652  1.33479986  0.000684839358
  45.7000008  0.0005032424  1.33999996  0.000674344797
  45.7999992  0.0004936077  1.34519997  0.000664001061
  45.9000015  0.0004841574  1.35040007  0.000653806185
  46.  0.0004748881  1.35559998  0.000643758297
  46.0999985  0.0004657957  1.36079988  0.000633854735
  46.2000008  0.0004568784  1.36599998  0.000624095887
  46.2999992  0.0004481313  1.37119999  0.000614477634
  46.4000015  0.0004395517  1.37639999  0.000604998957
  46.5  0.0004311363  1.3816  0.000595657911
  46.5999985  0.0004228816  1.38679981  0.000586452124
  46.7000008  0.0004147858  1.39200001  0.000577381837
  46.7999992  0.0004068447  1.39719992  0.000568443381
  46.9000015  0.0003990551  1.40240002  0.000559634879
  47.  0.0003914154  1.40760002  0.000550956325
  47.0999985  0.0003839213  1.41279984  0.000542403949
  47.2000008  0.0003765713  1.41800003  0.000533978115
  47.2999992  0.0003693617  1.42319984  0.000525675514
  47.4000015  0.0003622899  1.42840004  0.000517494908
  47.5  0.000355354  1.43359995  0.000509435476
  47.5999985  0.0003485504  1.43879986  0.000501494266
  47.7000008  0.0003418773  1.44399996  0.000493670807
  47.7999992  0.0003353322  1.44919987  0.00048596338
  47.9000015  0.0003289118  1.45440006  0.000478369342
  48.  0.000322615  1.45959997  0.000470888845
  48.0999985  0.0003164382  1.46479988  0.000463518638
  48.2000008  0.0003103799  1.46999998  0.000456258447
  48.2999992  0.0003044378  1.47527256  0.000449128733
  48.4000015  0.000298609  1.48054543  0.000442104189
  48.5  0.000292892  1.485818  0.000435184207
  48.5999985  0.0002872845  1.49109087  0.000428367295
  48.7000008  0.0002817844  1.49636364  0.00042165193
  48.7999992  0.0002763895  1.50163631  0.00041503651
  48.9000015  0.0002710979  1.50690918  0.000408519914
  49.  0.0002659077  1.51218176  0.000402100773
  49.0999985  0.0002608168  1.51745434  0.000395777585
  49.2000008  0.0002558234  1.5227272  0.00038954925
  49.2999992  0.0002509255  1.52799988  0.000383414133
  49.4000015  0.0002461215  1.53327274  0.000377371387
  49.5  0.0002414094  1.53854542  0.000371419326
  49.5999985  0.0002367876  1.54381809  0.000365556981
  49.7000008  0.0002322542  1.54909096  0.000359782881
  49.7999992  0.0002278076  1.55436354  0.000354095827
  49.9000015  0.0002234462  1.55963631  0.000348494806
  50.  0.0002191682  1.56490898  0.000342978285
  50.0999985  0.0002149722  1.57018166  0.000337545405
  50.2000008  0.0002108565  1.57545452  0.000332194826
  50.2999992  0.0002068195  1.5807272  0.000326925208
  50.4000015  0.0002028599  1.58600006  0.000321735814
  50.5  0.0001989761  1.59127274  0.000316625243
  50.5999985  0.0001951664  1.59654531  0.000311592002
  50.7000008  0.0001914301  1.60181808  0.000306636196
  50.7999992  0.0001877651  1.60709076  0.000301755557
  50.9000015  0.0001841703  1.61236362  0.000296949492
  51.  0.0001806443  1.6176363  0.000292216777
  51.0999985  0.0001771856  1.62290897  0.0002875561
  51.2000008  0.0001737935  1.62818184  0.00028296742
  51.2999992  0.0001704662  1.63345451  0.000278448784
  51.4000015  0.0001672024  1.63872719  0.000273999119
  51.5  0.0001640014  1.64399986  0.000269618279
  51.5999985  0.0001608614  1.64927273  0.00026530432
  51.7000008  0.0001577818  1.6545454  0.000261057152
  51.7999992  0.000154761  1.65981808  0.000256875105
  51.9000015  0.0001517979  1.66509094  0.000252757308
  52.  0.0001488918  1.67036362  0.000248703446
  52.0999985  0.0001460411  1.67563629  0.000244711767
  52.2000008  0.0001432451  1.68090897  0.000240781973
  52.2999992  0.0001405028  1.68618183  0.000236913269
  52.4000015  0.0001378127  1.6914547  0.000233103939
  52.5  0.0001351743  1.69672718  0.000229353909
  52.5999985  0.0001325863  1.70199986  0.000225661863
  52.7000008  0.0001300478  1.70727272  0.000222027061
  52.7999992  0.0001275582  1.71254539  0.000218449208
  52.9000015  0.0001251159  1.71781826  0.000214926378
  53.  0.0001227205  1.72309093  0.000211458581
  53.0999985  0.000120371  1.72836361  0.000208044856
  53.2000008  0.0001180665  1.73363628  0.000204684368
  53.2999992  0.000115806  1.73890915  0.000201376113
  53.4000015  0.0001135889  1.74418201  0.000198119716
  53.5  0.0001114142  1.7494545  0.000194914073
  53.5999985  0.0001092811  1.75472717  0.000191758516
  53.7000008  0.0001071889  1.76000004  0.000188652468
  53.7999992  0.0001051368  1.76548386  0.000185617323
  53.9000015  0.0001031239  1.77096786  0.000182629113
  54.  0.0001011495  1.77645168  0.0001796872
  54.0999985  9.921299E-05  1.7819355  0.000176791149
  54.2000008  9.731352E-05  1.78741932  0.000173940066
  54.2999992  9.545043E-05  1.79290314  0.000171133375
  54.4000015  9.3623E-05  1.79838715  0.0001683704
  54.5  9.183056E-05  1.80387096  0.000165650481
  54.5999985  9.007243E-05  1.80935478  0.000162972982
  54.7000008  8.834797E-05  1.81483879  0.000160337323
  54.7999992  8.665652E-05  1.82032261  0.000157742823
  54.9000015  8.499745E-05  1.82580643  0.00015518889
  55.  8.337015E-05  1.83129025  0.000152674942
  55.0999985  8.177392E-05  1.83677406  0.000150200215
  55.2000008  8.02084E-05  1.84225807  0.000147764572
  55.2999992  7.867279E-05  1.84774189  0.00014536701
  55.4000015  7.716657E-05  1.8532259  0.000143007086
  55.5  7.56892E-05  1.85870972  0.000140684251
  55.5999985  7.424003E-05  1.86419334  0.00013839777
  55.7000008  7.281875E-05  1.86967735  0.000136147568
  55.7999992  7.142462E-05  1.87516136  0.000133932688
  55.9000015  7.00571E-05  1.88064518  0.000131752547
  56.  6.87159E-05  1.886129  0.000129607052
  56.0999985  6.740025E-05  1.89161282  0.000127495177
  56.2000008  6.610991E-05  1.89709663  0.000125416888
  56.2999992  6.484421E-05  1.90258064  0.000123371339
  56.4000015  6.36027E-05  1.90806465  0.000121358064
  56.5  6.238506E-05  1.91354828  0.000119376824
  56.5999985  6.119061E-05  1.91903229  0.000117426756
  56.7000008  6.00191E-05  1.9245163  0.000115507736
  56.7999992  5.887008E-05  1.92999992  0.00011361925
  56.9000015  5.774293E-05  1.93548393  0.000111760513
  57.  5.663748E-05  1.94096756  0.000109931511
  57.0999985  5.555308E-05  1.94645138  0.000108131369
  57.2000008  5.44895E-05  1.95193558  0.000106359994
  57.2999992  5.344633E-05  1.9574192  0.000104616873
  57.4000015  5.242304E-05  1.96290321  0.000102901354
  57.5  5.141938E-05  1.96838703  0.000101213241
  57.5999985  5.043494E-05  1.97387085  9.95520579E-05
  57.7000008  4.946935E-05  1.97935486  9.79173983E-05
  57.7999992  4.852229E-05  1.98483849  9.63089086E-05
  57.9000015  4.759327E-05  1.99032269  9.47259649E-05
  58.  4.668208E-05  1.9958065  9.31683989E-05
  58.0999985  4.578834E-05  2.00129013  9.16357529E-05
  58.2000008  4.49117E-05  2.00677414  9.01276381E-05
  58.2999992  4.405186E-05  2.01225796  8.86437058E-05
  58.4000015  4.320847E-05  2.01774197  8.71835432E-05
  58.5  4.238123E-05  2.02322578  8.57467973E-05
  58.5999985  4.156982E-05  2.0287096  8.4333093E-05
  58.7000008  4.077396E-05  2.03419361  8.29421289E-05
  58.7999992  3.999333E-05  2.03967724  8.15734849E-05
  58.9000015  3.922764E-05  2.04516125  8.02268491E-05
  59.  3.847661E-05  2.05064507  7.89018704E-05
  59.0999985  3.773997E-05  2.05612869  7.75982352E-05
  59.2000008  3.701743E-05  2.06161289  7.63156109E-05
  59.2999992  3.630871E-05  2.06709652  7.50536081E-05
  59.4000015  3.561358E-05  2.07258072  7.38120192E-05
  59.5  3.493174E-05  2.07806454  7.25904101E-05
  59.5999985  3.426293E-05  2.08354816  7.13884649E-05
  59.7000008  3.360698E-05  2.08903236  7.02060689E-05
  59.7999992  3.296357E-05  2.09451599  6.90427245E-05
  59.9000015  3.233247E-05  2.1  6.7898187E-05
  60.  3.171345E-05  2.10571423  6.67794628E-05
  60.0999985  3.110626E-05  2.11142845  6.56786424E-05
  60.2000008  3.051075E-05  2.11714287  6.45956168E-05
  60.2999992  2.992661E-05  2.12285709  6.35299163E-05
  60.4000015  2.935363E-05  2.12857151  6.24813005E-05
  60.5  2.879167E-05  2.13428555  6.14496451E-05
  60.5999985  2.824042E-05  2.13999977  6.04344923E-05
  60.7000008  2.769978E-05  2.14571419  5.94358109E-05
  60.7999992  2.716945E-05  2.15142841  5.84531267E-05
  60.9000015  2.664926E-05  2.15714283  5.74862601E-05
  61.  2.613908E-05  2.16285706  5.65350936E-05
  61.0999985  2.563861E-05  2.16857128  5.55991533E-05
  61.2000008  2.514775E-05  2.1742857  5.46783932E-05
  61.2999992  2.466631E-05  2.17999992  5.37725539E-05
  61.4000015  2.419405E-05  2.18571434  5.2881282E-05
  61.5  2.373087E-05  2.19142838  5.20045019E-05
  61.5999985  2.327651E-05  2.1971426  5.11418117E-05
  61.7000008  2.283087E-05  2.20285702  5.02931422E-05
  61.7999992  2.239379E-05  2.20857124  4.94582806E-05
  61.9000015  2.196503E-05  2.21428566  4.86368509E-05
  62.  2.154451E-05  2.21999989  4.78288097E-05
  62.0999985  2.113203E-05  2.22571411  4.70338574E-05
  62.2000008  2.072745E-05  2.23142853  4.62518232E-05
  62.2999992  2.033063E-05  2.23714275  4.54825216E-05
  62.4000015  1.994138E-05  2.24285717  4.47256671E-05
  62.5  1.955959E-05  2.2485714  4.39811346E-05
  62.5999985  1.918512E-05  2.25428562  4.32487402E-05
  62.7000008  1.881781E-05  2.26000004  4.25282513E-05
  62.7999992  1.845754E-05  2.26571407  4.18195081E-05
  62.9000015  1.810417E-05  2.27142849  4.11223275E-05
  63.  1.775755E-05  2.27714272  4.04364756E-05
  63.0999985  1.741758E-05  2.28285694  3.97618434E-05
  63.2000008  1.708412E-05  2.28857136  3.90982277E-05
  63.2999992  1.675704E-05  2.29428558  3.84454353E-05
  63.4000015  1.643622E-05  2.3  3.7803306E-05
  63.5  1.612154E-05  2.30571423  3.71716641E-05
  63.5999985  1.581289E-05  2.31142845  3.65503638E-05
  63.7000008  1.551014E-05  2.31714287  3.59392103E-05
  63.7999992  1.52132E-05  2.3228569  3.53380866E-05
  63.9000015  1.492194E-05  2.32857132  3.47468015E-05
  64.  1.463625E-05  2.33428574  3.41651896E-05
  64.0999985  1.435604E-05  2.33999977  3.35931303E-05
  64.1999969  1.408117E-05  2.345714  3.30303976E-05
  64.3000031  1.381158E-05  2.3514286  3.24769443E-05
  64.4000015  1.354717E-05  2.35714283  3.19326146E-05
  64.5  1.32878E-05  2.36285706  3.1397172E-05
  64.5999985  1.30334E-05  2.36857128  3.08705369E-05
  64.6999969  1.278386E-05  2.37428551  3.03525335E-05
  64.8000031  1.253911E-05  2.38000011  2.98430832E-05
  64.9000015  1.229905E-05  2.38571434  2.934202E-05
  65.  1.206359E-05  2.39142857  2.88492137E-05
  65.0999985  1.183263E-05  2.3971426  2.83645015E-05
  65.1999969  1.160608E-05  2.40285683  2.78877486E-05
  65.3000031  1.138388E-05  2.40857143  2.74188882E-05
  65.4000015  1.116593E-05  2.41428566  2.69577447E-05
  65.5  1.095216E-05  2.41999989  2.65042259E-05
  65.5999985  1.074248E-05  2.42571411  2.60581853E-05
  65.6999969  1.05368E-05  2.43142834  2.56194741E-05
  65.8000031  1.033507E-05  2.43714294  2.51880429E-05
  65.9000015  1.01372E-05  2.44285717  2.47637317E-05
  66.  9.943133E-06  2.4485714  2.4346471E-05
  66.0999985  9.752768E-06  2.45428562  2.39360783E-05
  66.1999969  9.56604E-06  2.45999966  2.35324551E-05
  66.3000031  9.382894E-06  2.46571445  2.31355374E-05
  66.4000015  9.203256E-06  2.47142849  2.27451891E-05
  66.5  9.027057E-06  2.47714272  2.23613085E-05
  66.5999985  8.854239E-06  2.48285694  2.19838088E-05
  66.6999969  8.684705E-06  2.48857117  2.16125065E-05
  66.8000031  8.518442E-06  2.49428577  2.12474287E-05
  66.9000015  8.355354E-06  2.5  2.0888385E-05
  67.  8.195388E-06  2.50597382  2.05374277E-05
  67.0999985  8.038492E-06  2.51194801  2.0192274E-05
  67.1999969  7.884578E-06  2.51792183  1.98527511E-05
  67.3000031  7.733633E-06  2.52389622  1.95188871E-05
  67.4000015  7.585569E-06  2.52987022  1.91905051E-05
  67.5  7.440341E-06  2.53584404  1.88675444E-05
  67.5999985  7.2979E-06  2.54181805  1.85499339E-05
  67.6999969  7.158166E-06  2.54779186  1.82375171E-05
  67.8000031  7.021127E-06  2.55376644  1.79303185E-05
  67.9000015  6.886705E-06  2.55974045  1.76281773E-05
  68.  6.754857E-06  2.56571426  1.7331033E-05
  68.0999985  6.625533E-06  2.57168808  1.70388042E-05
  68.1999969  6.498679E-06  2.57766209  1.67513985E-05
  68.3000031  6.37426E-06  2.58363647  1.64687706E-05
  68.4000015  6.252229E-06  2.58961029  1.61908366E-05
  68.5  6.132528E-06  2.5955843  1.59174934E-05
  68.5999985  6.015118E-06  2.6015583  1.56486802E-05
  68.6999969  5.899951E-06  2.60753231  1.53843129E-05
  68.8000031  5.786995E-06  2.6135067  1.51243502E-05
  68.9000015  5.676207E-06  2.61948051  1.48687136E-05
  69.  5.567534E-06  2.62545452  1.46173073E-05
  69.0999985  5.460942E-06  2.63142834  1.43700775E-05
  69.1999969  5.356385E-06  2.63740234  1.41269424E-05
  69.3000031  5.253835E-06  2.64337654  1.38878642E-05
  69.4000015  5.153254E-06  2.64935074  1.36527773E-05
  69.5  5.054593E-06  2.65532455  1.34215849E-05
  69.5999985  4.957822E-06  2.66129856  1.31942446E-05
  69.6999969  4.862898E-06  2.66727257  1.29706744E-05
  69.8000031  4.769796E-06  2.67324677  1.27508417E-05
  69.9000015  4.678477E-06  2.67922096  1.25346737E-05
  70.  4.58891E-06  2.68519478  1.23221172E-05
  70.0999985  4.501054E-06  2.69116859  1.21130952E-05
  70.1999969  4.414876E-06  2.69714279  1.1907551E-05
  70.3000031  4.330351E-06  2.70311699  1.17054454E-05
  70.4000015  4.247445E-06  2.70909119  1.15067158E-05
  70.5  4.166131E-06  2.715065  1.13113165E-05
  70.5999985  4.086368E-06  2.72103882  1.1119166E-05
  70.6999969  4.00813E-06  2.72701283  1.09302219E-05
  70.8000031  3.931393E-06  2.73298721  1.07444468E-05
  70.9000015  3.856125E-06  2.73896103  1.05617761E-05
  71.  3.782299E-06  2.74493523  1.03821658E-05
  71.0999985  3.709889E-06  2.75090904  1.02055672E-05
  71.1999969  3.638855E-06  2.75688305  1.00318977E-05
  71.3000031  3.569191E-06  2.76285744  9.8611659E-06
  71.4000015  3.500858E-06  2.76883125  9.69328504E-06
  71.5  3.433833E-06  2.77480526  9.52821787E-06
  71.5999985  3.368094E-06  2.78077908  9.36592532E-06
  71.6999969  3.303605E-06  2.78675308  9.20633142E-06
  71.8000031  3.240359E-06  2.79272766  9.04944021E-06
  71.9000015  3.178321E-06  2.79870148  8.89517168E-06
  72.  3.117472E-06  2.80467529  8.74349669E-06
  72.0999985  3.057789E-06  2.8106493  8.59437251E-06
  72.1999969  2.999241E-06  2.81662331  8.4477321E-06
  72.3000031  2.941823E-06  2.82259769  8.30358282E-06
  72.4000015  2.8855E-06  2.82857151  8.16184309E-06
  72.5  2.830257E-06  2.83454552  8.02249229E-06
  72.5999985  2.77607E-06  2.84051952  7.88548103E-06
  72.6999969  2.722919E-06  2.84649353  7.75077132E-06
  72.8000031  2.670788E-06  2.85246773  7.61833658E-06
  72.9000015  2.619657E-06  2.85844173  7.4881369E-06
  73.  2.569503E-06  2.86441574  7.36012484E-06
  73.0999985  2.520309E-06  2.87038956  7.23426863E-06
  73.1999969  2.472055E-06  2.87636337  7.11052846E-06
  73.3000031  2.424727E-06  2.88233795  6.98888265E-06
  73.4000015  2.378307E-06  2.88831196  6.86929255E-06
  73.5  2.332773E-06  2.89428596  6.75171215E-06
  73.5999985  2.288112E-06  2.90025959  6.63611877E-06
  73.6999969  2.244303E-06  2.9062336  6.52246878E-06
  73.8000031  2.201335E-06  2.91220818  6.41074578E-06
  73.9000015  2.159192E-06  2.91818218  6.30091562E-06
  74.  2.117853E-06  2.92415581  6.19293215E-06
  74.0999985  2.077306E-06  2.93012981  6.08677624E-06
  74.1999969  2.037534E-06  2.93610382  5.98241136E-06
  74.3000031  1.998524E-06  2.9420784  5.87981429E-06
  74.4000015  1.960262E-06  2.94805202  5.77895436E-06
  74.5  1.922734E-06  2.95402603  5.67980629E-06
  74.5999985  1.885923E-06  2.96000004  5.58233215E-06
  74.6999969  1.849814E-06  2.96604652  5.48663438E-06
  74.8000031  1.814399E-06  2.9720932  5.39256293E-06
  74.9000015  1.779662E-06  2.97813969  5.30008203E-06
  75.  1.745591E-06  2.98418598  5.20916819E-06
  75.0999985  1.712171E-06  2.99023247  5.11978931E-06
  75.1999969  1.679389E-06  2.99627895  5.03191792E-06
  75.3000031  1.647237E-06  3.00232601  4.94554249E-06
  75.4000015  1.6157E-06  3.00837231  4.86062714E-06
  75.5  1.584767E-06  3.01441879  4.77715143E-06
  75.5999985  1.554428E-06  3.02046528  4.6950958E-06
  75.6999969  1.524666E-06  3.02651176  4.61441959E-06
  75.8000031  1.495476E-06  3.03255844  4.53511837E-06
  75.9000015  1.466845E-06  3.03860493  4.45716244E-06
  76.  1.438762E-06  3.04465122  4.38052848E-06
  76.0999985  1.411217E-06  3.05069771  4.30519647E-06
  76.1999969  1.384196E-06  3.056744  4.23113282E-06
  76.3000031  1.357697E-06  3.06279106  4.15834224E-06
  76.4000015  1.331703E-06  3.06883755  4.08678017E-06
  76.5  1.306207E-06  3.07488384  4.0164348E-06
  76.5999985  1.281201E-06  3.08093033  3.94729102E-06
  76.6999969  1.25667E-06  3.08697662  3.87931091E-06
  76.8000031  1.232611E-06  3.09302349  3.81249478E-06
  76.9000015  1.209013E-06  3.09906998  3.74681589E-06
  77.  1.185866E-06  3.10511627  3.68225181E-06
  77.0999985  1.163162E-06  3.11116295  3.61878652E-06
  77.1999969  1.140892E-06  3.11720905  3.55639887E-06
  77.3000031  1.119049E-06  3.12325611  3.49507663E-06
  77.4000015  1.097625E-06  3.1293026  3.43480076E-06
  77.5  1.076611E-06  3.13534889  3.37555111E-06
  77.5999985  1.055999E-06  3.14139538  3.31731038E-06
  77.6999969  1.035781E-06  3.14744186  3.26006048E-06
  77.8000031  1.01595E-06  3.15348854  3.20378668E-06
  77.9000015  9.965005E-07  3.15953503  3.14847823E-06
  78.  9.774221E-07  3.16558151  3.09410933E-06
  78.0999985  9.587091E-07  3.17162781  3.04066844E-06
  78.1999969  9.403533E-07  3.17767429  2.98813651E-06
  78.3000031  9.2235E-07  3.18372135  2.93650539E-06
  78.4000015  9.046922E-07  3.18976765  2.88575791E-06
  78.5  8.873716E-07  3.19581413  2.8358747E-06
  78.5999985  8.703826E-07  3.20186043  2.7868436E-06
  78.6999969  8.537179E-07  3.2079071  2.73864772E-06
  78.8000031  8.373733E-07  3.21395416  2.6912794E-06
  78.9000015  8.213415E-07  3.22000046  2.64472001E-06
  79.  8.056174E-07  3.22604675  2.5989594E-06
  79.0999985  7.901936E-07  3.23209305  2.55397924E-06
  79.1999969  7.750644E-07  3.23813934  2.50976653E-06
  79.3000031  7.602255E-07  3.2441864  2.46631323E-06
  79.4000015  7.456707E-07  3.2502327  2.42360329E-06
  79.5  7.313953E-07  3.25627899  2.38162715E-06
  79.5999985  7.173925E-07  3.26232567  2.34036797E-06
  79.6999969  7.036571E-07  3.26837196  2.29981314E-06
  79.8000031  6.901854E-07  3.27441864  2.25995594E-06
  79.9000015  6.769716E-07  3.28046532  2.22078185E-06
  80.  6.640108E-07  3.28651199  2.18227946E-06
  80.0999985  6.512987E-07  3.29255829  2.14443893E-06
  80.1999969  6.388287E-07  3.29860458  2.10724328E-06
  80.3000031  6.265982E-07  3.30465164  2.07068877E-06
  80.4000015  6.146017E-07  3.31069794  2.03476058E-06
  80.5  6.02835E-07  3.31674423  1.99944951E-06
  80.5999985  5.912941E-07  3.32279053  1.96474643E-06
  80.6999969  5.799725E-07  3.3288372  1.93063404E-06
  80.8000031  5.688692E-07  3.33488388  1.89711273E-06
  80.9000015  5.579781E-07  3.34093018  1.86416587E-06
  81.  5.472954E-07  3.34697685  1.83178504E-06
  81.0999985  5.368178E-07  3.35302353  1.79996271E-06
  81.1999969  5.265392E-07  3.35906982  1.76868194E-06
  81.3000031  5.16459E-07  3.3651165  1.7379447E-06
  81.4000015  5.065712E-07  3.37116318  1.70773418E-06
  81.5  4.968727E-07  3.37720947  1.67804319E-06
  81.5999985  4.8736E-07  3.38325577  1.64886353E-06
  81.6999969  4.780288E-07  3.38930206  1.620184E-06
  81.8000031  4.688768E-07  3.39534912  1.59200043E-06
  81.9000015  4.599004E-07  3.40139542  1.56430311E-06
  82.  4.510955E-07  3.40744171  1.53708162E-06
  82.0999985  4.424591E-07  3.41348839  1.510329E-06
  82.1999969  4.339877E-07  3.41953506  1.48403616E-06
  82.3000031  4.256788E-07  3.42558174  1.45819752E-06
  82.4000015  4.175295E-07  3.43162804  1.43280594E-06
  82.5  4.095358E-07  3.43767471  1.40785086E-06
  82.5999985  4.01695E-07  3.44372101  1.38332551E-06
  82.6999969  3.940041E-07  3.4497673  1.35922246E-06
  82.8000031  3.864611E-07  3.45581436  1.33553782E-06
  82.9000015  3.790622E-07  3.46186066  1.31226052E-06
  83.  3.718049E-07  3.46790695  1.2893848E-06
  83.0999985  3.646866E-07  3.47395363  1.26690434E-06
  83.1999969  3.577039E-07  3.47999992  1.24480954E-06
  83.3000031  3.508562E-07  3.48608284  1.22311378E-06
  83.4000015  3.44139E-07  3.49216537  1.2017903E-06
  83.5  3.375503E-07  3.49824753  1.1808345E-06
  83.5999985  3.310878E-07  3.50433006  1.16024093E-06
  83.6999969  3.247484E-07  3.51041222  1.14000075E-06
  83.8000031  3.185316E-07  3.51649513  1.12011482E-06
  83.9000015  3.124332E-07  3.52257729  1.10057009E-06
  84.  3.064516E-07  3.52865982  1.08136345E-06
  84.0999985  3.005844E-07  3.53474236  1.06248841E-06
  84.1999969  2.948291E-07  3.54082451  1.0439381E-06
  84.3000031  2.891845E-07  3.54690742  1.02571065E-06
  84.4000015  2.836485E-07  3.55298996  1.00780027E-06
  84.5  2.78218E-07  3.55907249  9.90198031E-07
  84.5999985  2.728914E-07  3.56515465  9.72900043E-07
  84.6999969  2.676663E-07  3.5712368  9.55899741E-07
  84.8000031  2.625417E-07  3.57731972  9.391956E-07
  84.9000015  2.575158E-07  3.58340225  9.22782698E-07
  85.  2.525856E-07  3.58948441  9.06652072E-07
  85.0999985  2.477497E-07  3.59556694  8.90800631E-07
  85.1999969  2.43006E-07  3.60164948  8.75222432E-07
  85.3000031  2.383536E-07  3.60773201  8.59915912E-07
  85.4000015  2.337907E-07  3.61381454  8.44876232E-07
  85.5  2.293147E-07  3.61989708  8.30095613E-07
  85.5999985  2.249244E-07  3.62597961  8.15571289E-07
  85.6999969  2.206177E-07  3.63206177  8.01297113E-07
  85.8000031  2.163939E-07  3.63814468  7.87272317E-07
  85.9000015  2.12251E-07  3.64422684  7.7349079E-07
  86.  2.081878E-07  3.65030937  7.59949877E-07
  86.0999985  2.04202E-07  3.65639191  7.4664254E-07
  86.1999969  2.00292E-07  3.66247406  7.33564254E-07
  86.3000031  1.964574E-07  3.66855698  7.20715165E-07
  86.4000015  1.926961E-07  3.67463913  7.08088629E-07
  86.5  1.890073E-07  3.68072166  6.95683264E-07
  86.5999985  1.853887E-07  3.68680382  6.83491767E-07
  86.6999969  1.81839E-07  3.69288635  6.71510761E-07
  86.8000031  1.783577E-07  3.69896927  6.59739651E-07
  86.9000015  1.749429E-07  3.70505142  6.4817244E-07
  87.  1.715936E-07  3.71113434  6.36806901E-07
  87.0999985  1.683087E-07  3.71721649  6.25639875E-07
  87.1999969  1.65086E-07  3.72329903  6.14664543E-07
  87.3000031  1.619254E-07  3.72938156  6.03881601E-07
  87.4000015  1.588253E-07  3.7354641  5.93286206E-07
  87.5  1.557845E-07  3.74154663  5.82874971E-07
  87.5999985  1.528023E-07  3.74762878  5.72646298E-07
  87.6999969  1.498766E-07  3.75371132  5.6259349E-07
  87.8000031  1.470071E-07  3.75979424  5.52716447E-07
  87.9000015  1.441926E-07  3.76587677  5.43011563E-07
  88.  1.41432E-07  3.77195892  5.33475694E-07
  88.0999985  1.387245E-07  3.77804108  5.24106859E-07
  88.1999969  1.360683E-07  3.78412323  5.14899215E-07
  88.3000031  1.334633E-07  3.79020615  5.0585342E-07
  88.4000015  1.309081E-07  3.79628868  4.96964938E-07
  88.5  1.284018E-07  3.80237122  4.88231308E-07
  88.5999985  1.259435E-07  3.80845337  4.79649947E-07
  88.6999969  1.235323E-07  3.8145359  4.71218394E-07
  88.8000031  1.211672E-07  3.82061882  4.62933685E-07
  88.9000015  1.188474E-07  3.82670135  4.54793507E-07
  89.  1.16572E-07  3.83278351  4.46795239E-07
  89.0999985  1.143402E-07  3.83886604  4.38936711E-07
  89.1999969  1.121512E-07  3.8449482  4.31215554E-07
  89.3000031  1.10004E-07  3.85103111  4.23628827E-07
  89.4000015  1.078979E-07  3.85711365  4.16174463E-07
  89.5  1.058322E-07  3.8631958  4.08850511E-07
  89.5999985  1.03806E-07  3.86927834  4.01654307E-07
  89.6999969  1.018186E-07  3.87536087  3.94583818E-07
  89.8000031  9.986925E-08  3.88144341  3.87636842E-07
  89.9000015  9.795722E-08  3.88752594  3.80811234E-07
  90.  9.60818E-08  3.89360809  3.74104874E-07
  90.0999985  9.424228E-08  3.89969063  3.67515736E-07
  90.1999969  9.243798E-08  3.90577316  3.61041782E-07
  90.3000031  9.066822E-08  3.9118557  3.54680993E-07
  90.4000015  8.893235E-08  3.91793823  3.48431454E-07
  90.5  8.722972E-08  3.92402039  3.422912E-07
  90.5999985  8.555968E-08  3.93010292  3.36258348E-07
  90.6999969  8.392161E-08  3.93618546  3.30331021E-07
  90.8000031  8.23149E-08  3.94226837  3.24507427E-07
  90.9000015  8.073895E-08  3.94835091  3.18785706E-07
  91.  7.919319E-08  3.95443306  3.13164169E-07
  91.0999985  7.7677E-08  3.96051521  3.0764094E-07
  91.1999969  7.618985E-08  3.96659775  3.02214487E-07
  91.3000031  7.473118E-08  3.97268066  2.96883114E-07
  91.4000015  7.330042E-08  3.9787632  2.91645014E-07
  91.5  7.189706E-08  3.98484535  2.86498665E-07
  91.5999985  7.052056E-08  3.99092751  2.81442443E-07
  91.6999969  6.917043E-08  3.99701004  2.76474903E-07
  91.8000031  6.784614E-08  4.00309296  2.71594405E-07
  91.9000015  6.65472E-08  4.00917549  2.66799403E-07
  92.  6.527313E-08  4.01525764  2.62088434E-07
  92.0999985  6.402346E-08  4.02134018  2.57460112E-07
  92.1999969  6.279759E-08  4.02742271  2.5291244E-07
  92.3000031  6.159543E-08  4.03350563  2.48445514E-07
  92.4000015  6.041616E-08  4.03958778  2.44056382E-07
  92.5  5.925947E-08  4.04566994  2.39744256E-07
  92.5999985  5.812494E-08  4.05175247  2.35507869E-07
  92.6999969  5.701201E-08  4.05783463  2.31345308E-07
  92.8000031  5.59206E-08  4.06391792  2.27256729E-07
  92.9000015  5.484998E-08  4.07000008  2.23239423E-07
  93.  5.379986E-08  4.07594604  2.19285327E-07
  93.0999985  5.276984E-08  4.08189163  2.15400768E-07
  93.1999969  5.175945E-08  4.0878376  2.11584226E-07
  93.3000031  5.07685E-08  4.09378357  2.07835251E-07
  93.4000015  4.979661E-08  4.09972954  2.04152633E-07
  93.5  4.884324E-08  4.10567589  2.00534513E-07
  93.5999985  4.790812E-08  4.11162186  1.96980073E-07
  93.6999969  4.699082E-08  4.11756744  1.93487871E-07
  93.8000031  4.609116E-08  4.12351341  1.90057516E-07
  93.9000015  4.520882E-08  4.12945938  1.86687986E-07
  94.  4.434328E-08  4.13540535  1.83377437E-07
  94.0999985  4.349432E-08  4.14135132  1.80125259E-07
  94.1999969  4.266152E-08  4.14729691  1.7692999E-07
  94.3000031  4.184475E-08  4.15324326  1.73791426E-07
  94.4000015  4.10437E-08  4.15918922  1.70708515E-07
  94.5  4.025791E-08  4.16513481  1.67679622E-07
  94.5999985  3.948715E-08  4.17108116  1.64704107E-07
  94.6999969  3.873109E-08  4.17702675  1.61780799E-07
  94.8000031  3.798957E-08  4.18297348  1.58909364E-07
  94.9000015  3.726225E-08  4.18891907  1.5608855E-07
  95.  3.654892E-08  4.19486465  1.53317773E-07
  95.0999985  3.584918E-08  4.20081062  1.50595616E-07
  95.1999969  3.516277E-08  4.20675659  1.47921214E-07
  95.3000031  3.448956E-08  4.21270294  1.45294271E-07
  95.4000015  3.382925E-08  4.21864853  1.42713716E-07
  95.5  3.318164E-08  4.22459488  1.40178986E-07
  95.5999985  3.254637E-08  4.23054047  1.37688735E-07
  95.6999969  3.19232E-08  4.23648605  1.35242192E-07
  95.8000031  3.131202E-08  4.2424324  1.32839128E-07
  95.9000015  3.071254E-08  4.24837837  1.30478491E-07
  96.  3.01246E-08  4.25432434  1.28159819E-07
  96.0999985  2.954785E-08  4.26026993  1.25881817E-07
  96.1999969  2.898209E-08  4.26621628  1.23643864E-07
  96.3000031  2.842722E-08  4.27216225  1.21445696E-07
  96.4000015  2.788297E-08  4.27810822  1.19286363E-07
  96.5  2.734914E-08  4.2840538  1.17165187E-07
  96.5999985  2.682559E-08  4.28999977  1.15081775E-07
  96.6999969  2.631195E-08  4.29594574  1.1303471E-07
  96.8000031  2.58082E-08  4.30189209  1.11024091E-07
  96.9000015  2.531409E-08  4.30783806  1.09049E-07
  97.  2.482945E-08  4.31378403  1.07108885E-07
  97.0999985  2.435413E-08  4.31972961  1.05203257E-07
  97.1999969  2.388781E-08  4.3256752  1.03330907E-07
  97.3000031  2.343047E-08  4.33162155  1.01491929E-07
  97.4000015  2.298189E-08  4.3375679  9.96855084E-08
  97.5  2.254189E-08  4.34351349  9.79110033E-08
  97.5999985  2.211032E-08  4.34945946  9.61679404E-08
  97.6999969  2.168701E-08  4.35540543  9.4455721E-08
  97.8000031  2.127181E-08  4.36135139  9.27738382E-08
  97.9000015  2.086455E-08  4.36729736  9.11216942E-08
  98.  2.046509E-08  4.37324295  8.94988106E-08
  98.0999985  2.007328E-08  4.3791893  8.7904693E-08
  98.1999969  1.968897E-08  4.38513489  8.63387892E-08
  98.3000031  1.931202E-08  4.39108124  8.48006487E-08
  98.4000015  1.894229E-08  4.39702682  8.32897573E-08
  98.5  1.857963E-08  4.40297318  8.18056125E-08
  98.5999985  1.822392E-08  4.40891876  8.03477828E-08
  98.6999969  1.787502E-08  4.41486435  7.89157885E-08
  98.8000031  1.753279E-08  4.4208107  7.75091456E-08
  98.9000015  1.719712E-08  4.42675705  7.61274722E-08
  99.  1.686788E-08  4.43270264  7.47702962E-08
  99.0999985  1.654494E-08  4.43864822  7.34371685E-08
  99.1999969  1.622818E-08  4.44459457  7.21276808E-08
  99.3000031  1.591748E-08  4.45054092  7.08413961E-08
  99.4000015  1.561274E-08  4.45648651  6.95779652E-08
  99.5  1.531383E-08  4.4624321  6.83369265E-08
  99.5999985  1.502064E-08  4.46837845  6.71179041E-08
  99.6999969  1.473306E-08  4.47432404  6.59204845E-08
  99.8000031  1.4451E-08  4.48027039  6.47443873E-08
  99.9000015  1.417433E-08  4.48621635  6.35891111E-08
  100.  1.390295E-08  4.49216232  6.24543082E-08
  100.099998  1.363678E-08  4.49810791  6.1339708E-08
  100.199997  1.33757E-08  4.50405388  6.02448735E-08
  100.300003  1.311962E-08  4.50999985  5.91694842E-08
  100.400002  1.286844E-08  4.5159462  5.81131827E-08
  100.5  1.262207E-08  4.52189178  5.70756346E-08
  100.599998  1.238041E-08  4.52783775  5.60564878E-08
  100.699997  1.214338E-08  4.53378372  5.50554586E-08
  100.800003  1.19109E-08  4.53973007  5.40722709E-08
  100.900002  1.168286E-08  4.54567566  5.31064923E-08
  101.  1.145919E-08  4.55162163  5.2157897E-08
  101.099998  1.12398E-08  4.5575676  5.12261483E-08
  101.199997  1.102459E-08  4.56351318  5.03108618E-08
  101.300003  1.081354E-08  4.56945953  4.94120334E-08
