  2.50E+00  2.06163E+00
  2.60E+00  2.05990E+00
  2.70E+00  2.05457E+00
  2.80E+00  2.04590E+00
  2.90E+00  2.03435E+00
  3.00E+00  2.02020E+00
  3.10E+00  2.00375E+00
  3.20E+00  1.98529E+00
  3.30E+00  1.96507E+00
  3.40E+00  1.94329E+00
  3.50E+00  1.92015E+00
  3.60E+00  1.89578E+00
  3.70E+00  1.87039E+00
  3.80E+00  1.84422E+00
  3.90E+00  1.81740E+00
  4.00E+00  1.79002E+00
  4.10E+00  1.76215E+00
  4.20E+00  1.73386E+00
  4.30E+00  1.70524E+00
  4.40E+00  1.67635E+00
  4.50E+00  1.64726E+00
  4.60E+00  1.61804E+00
  4.70E+00  1.58874E+00
  4.80E+00  1.55944E+00
  4.90E+00  1.53024E+00
  5.00E+00  1.50120E+00
  5.10E+00  1.47234E+00
  5.20E+00  1.44370E+00
  5.30E+00  1.41530E+00
  5.40E+00  1.38717E+00
  5.50E+00  1.35932E+00
  5.60E+00  1.33177E+00
  5.70E+00  1.30453E+00
  5.80E+00  1.27762E+00
  5.90E+00  1.25107E+00
  6.00E+00  1.22489E+00
  6.10E+00  1.19910E+00
  6.20E+00  1.17373E+00
  6.30E+00  1.14877E+00
  6.40E+00  1.12422E+00
  6.50E+00  1.10009E+00
  6.60E+00  1.07637E+00
  6.70E+00  1.05306E+00
  6.80E+00  1.03017E+00
  6.90E+00  1.00770E+00
  7.00E+00  9.85630E-01
  7.10E+00  9.63974E-01
  7.20E+00  9.42724E-01
  7.30E+00  9.21879E-01
  7.40E+00  9.01439E-01
  7.50E+00  8.81405E-01
  7.60E+00  8.61774E-01
  7.70E+00  8.42542E-01
  7.80E+00  8.23704E-01
  7.90E+00  8.05256E-01
  8.00E+00  7.87193E-01
  8.10E+00  7.69509E-01
  8.20E+00  7.52199E-01
  8.30E+00  7.35257E-01
  8.40E+00  7.18676E-01
  8.50E+00  7.02449E-01
  8.60E+00  6.86573E-01
  8.70E+00  6.71047E-01
  8.80E+00  6.55865E-01
  8.90E+00  6.41021E-01
  9.00E+00  6.26508E-01
  9.10E+00  6.12318E-01
  9.20E+00  5.98444E-01
  9.30E+00  5.84881E-01
  9.40E+00  5.71620E-01
  9.50E+00  5.58656E-01
  9.60E+00  5.45983E-01
  9.70E+00  5.33594E-01
  9.80E+00  5.21484E-01
  9.90E+00  5.09648E-01
  1.00E+01  4.98080E-01
  1.01E+01  4.86775E-01
  1.02E+01  4.75728E-01
  1.03E+01  4.64934E-01
  1.04E+01  4.54388E-01
  1.05E+01  4.44086E-01
  1.06E+01  4.34023E-01
  1.07E+01  4.24195E-01
  1.08E+01  4.14597E-01
  1.09E+01  4.05223E-01
  1.10E+01  3.96070E-01
  1.11E+01  3.87132E-01
  1.12E+01  3.78404E-01
  1.13E+01  3.69880E-01
  1.14E+01  3.61557E-01
  1.15E+01  3.53428E-01
  1.16E+01  3.45489E-01
  1.17E+01  3.37735E-01
  1.18E+01  3.30161E-01
  1.19E+01  3.22763E-01
  1.20E+01  3.15536E-01
  1.21E+01  3.08475E-01
  1.22E+01  3.01579E-01
  1.23E+01  2.94842E-01
  1.24E+01  2.88261E-01
  1.25E+01  2.81832E-01
  1.26E+01  2.75552E-01
  1.27E+01  2.69417E-01
  1.28E+01  2.63424E-01
  1.29E+01  2.57569E-01
  1.30E+01  2.51850E-01
  1.31E+01  2.46264E-01
  1.32E+01  2.40807E-01
  1.33E+01  2.35477E-01
  1.34E+01  2.30271E-01
  1.35E+01  2.25186E-01
  1.36E+01  2.20220E-01
  1.37E+01  2.15370E-01
  1.38E+01  2.10634E-01
  1.39E+01  2.06009E-01
  1.40E+01  2.01493E-01
  1.41E+01  1.97083E-01
  1.42E+01  1.92776E-01
  1.43E+01  1.88571E-01
  1.44E+01  1.84466E-01
  1.45E+01  1.80456E-01
  1.46E+01  1.76541E-01
  1.47E+01  1.72718E-01
  1.48E+01  1.68985E-01
  1.49E+01  1.65339E-01
  1.50E+01  1.61778E-01
  1.51E+01  1.58301E-01
  1.52E+01  1.54904E-01
  1.53E+01  1.51587E-01
  1.54E+01  1.48346E-01
  1.55E+01  1.45181E-01
  1.56E+01  1.42088E-01
  1.57E+01  1.39067E-01
  1.58E+01  1.36116E-01
  1.59E+01  1.33233E-01
  1.60E+01  1.30416E-01
  1.61E+01  1.27664E-01
  1.62E+01  1.24975E-01
  1.63E+01  1.22348E-01
  1.64E+01  1.19781E-01
  1.65E+01  1.17273E-01
  1.66E+01  1.14821E-01
  1.67E+01  1.12424E-01
  1.68E+01  1.10080E-01
  1.69E+01  1.07787E-01
  1.70E+01  1.05545E-01
  1.71E+01  1.03352E-01
  1.72E+01  1.01208E-01
  1.73E+01  9.91114E-02
  1.74E+01  9.70610E-02
  1.75E+01  9.50561E-02
  1.76E+01  9.30956E-02
  1.77E+01  9.11786E-02
  1.78E+01  8.93041E-02
  1.79E+01  8.74713E-02
  1.80E+01  8.56792E-02
  1.81E+01  8.39269E-02
  1.82E+01  8.22135E-02
  1.83E+01  8.05381E-02
  1.84E+01  7.88999E-02
  1.85E+01  7.72980E-02
  1.86E+01  7.57316E-02
  1.87E+01  7.41999E-02
  1.88E+01  7.27020E-02
  1.89E+01  7.12372E-02
  1.90E+01  6.98048E-02
  1.91E+01  6.84040E-02
  1.92E+01  6.70340E-02
  1.93E+01  6.56942E-02
  1.94E+01  6.43839E-02
  1.95E+01  6.31023E-02
  1.96E+01  6.18490E-02
  1.97E+01  6.06231E-02
  1.98E+01  5.94241E-02
  1.99E+01  5.82515E-02
  2.00E+01  5.71045E-02
  2.01E+01  5.59828E-02
  2.02E+01  5.48856E-02
  2.03E+01  5.38125E-02
  2.04E+01  5.27630E-02
  2.05E+01  5.17365E-02
  2.06E+01  5.07325E-02
  2.07E+01  4.97507E-02
  2.08E+01  4.87904E-02
  2.09E+01  4.78513E-02
  2.10E+01  4.69329E-02
  2.11E+01  4.60347E-02
  2.12E+01  4.51564E-02
  2.13E+01  4.42976E-02
  2.14E+01  4.34578E-02
  2.15E+01  4.26366E-02
  2.16E+01  4.18336E-02
  2.17E+01  4.10486E-02
  2.18E+01  4.02810E-02
  2.19E+01  3.95306E-02
  2.20E+01  3.87969E-02
  2.21E+01  3.80784E-02
  2.22E+01  3.73740E-02
  2.23E+01  3.66836E-02
  2.24E+01  3.60068E-02
  2.25E+01  3.53434E-02
  2.26E+01  3.46930E-02
  2.27E+01  3.40555E-02
  2.28E+01  3.34305E-02
  2.29E+01  3.28178E-02
  2.30E+01  3.22172E-02
  2.31E+01  3.16284E-02
  2.32E+01  3.10512E-02
  2.33E+01  3.04854E-02
  2.34E+01  2.99306E-02
  2.35E+01  2.93868E-02
  2.36E+01  2.88536E-02
  2.37E+01  2.83309E-02
  2.38E+01  2.78185E-02
  2.39E+01  2.73161E-02
  2.40E+01  2.68236E-02
  2.41E+01  2.63408E-02
  2.42E+01  2.58674E-02
  2.43E+01  2.54034E-02
  2.44E+01  2.49484E-02
  2.45E+01  2.45024E-02
  2.46E+01  2.40652E-02
  2.47E+01  2.36366E-02
  2.48E+01  2.32164E-02
  2.49E+01  2.28045E-02
  2.50E+01  2.24007E-02
  2.51E+01  2.20049E-02
  2.52E+01  2.16169E-02
  2.53E+01  2.12366E-02
  2.54E+01  2.08639E-02
  2.55E+01  2.04985E-02
  2.56E+01  2.01404E-02
  2.57E+01  1.97894E-02
  2.58E+01  1.94454E-02
  2.59E+01  1.91083E-02
  2.60E+01  1.87779E-02
  2.61E+01  1.84541E-02
  2.62E+01  1.81368E-02
  2.63E+01  1.78259E-02
  2.64E+01  1.75213E-02
  2.65E+01  1.72228E-02
  2.66E+01  1.69303E-02
  2.67E+01  1.66437E-02
  2.68E+01  1.63630E-02
  2.69E+01  1.60879E-02
  2.70E+01  1.58185E-02
  2.71E+01  1.55545E-02
  2.72E+01  1.52960E-02
  2.73E+01  1.50427E-02
  2.74E+01  1.47947E-02
  2.75E+01  1.45517E-02
  2.76E+01  1.43138E-02
  2.77E+01  1.40808E-02
  2.78E+01  1.38527E-02
  2.79E+01  1.36292E-02
  2.80E+01  1.34105E-02
  2.81E+01  1.31963E-02
  2.82E+01  1.29866E-02
  2.83E+01  1.27814E-02
  2.84E+01  1.25804E-02
  2.85E+01  1.23836E-02
  2.86E+01  1.21901E-02
  2.87E+01  1.19999E-02
  2.88E+01  1.18128E-02
  2.89E+01  1.16288E-02
  2.90E+01  1.14479E-02
  2.91E+01  1.12700E-02
  2.92E+01  1.10951E-02
  2.93E+01  1.09231E-02
  2.94E+01  1.07539E-02
  2.95E+01  1.05876E-02
  2.96E+01  1.04241E-02
  2.97E+01  1.02632E-02
  2.98E+01  1.01051E-02
  2.99E+01  9.94959E-03
  3.00E+01  9.79668E-03
  3.01E+01  9.64633E-03
  3.02E+01  9.49849E-03
  3.03E+01  9.35312E-03
  3.04E+01  9.21019E-03
  3.05E+01  9.06966E-03
  3.06E+01  8.93148E-03
  3.07E+01  8.79562E-03
  3.08E+01  8.66204E-03
  3.09E+01  8.53070E-03
  3.10E+01  8.40158E-03
  3.11E+01  8.27464E-03
  3.12E+01  8.14983E-03
  3.13E+01  8.02714E-03
  3.14E+01  7.90652E-03
  3.15E+01  7.78793E-03
  3.16E+01  7.67136E-03
  3.17E+01  7.55677E-03
  3.18E+01  7.44412E-03
  3.19E+01  7.33339E-03
  3.20E+01  7.22455E-03
  3.21E+01  7.11757E-03
  3.22E+01  7.01241E-03
  3.23E+01  6.90906E-03
  3.24E+01  6.80747E-03
  3.25E+01  6.70763E-03
  3.26E+01  6.60951E-03
  3.27E+01  6.51308E-03
  3.28E+01  6.41831E-03
  3.29E+01  6.32519E-03
  3.30E+01  6.23368E-03
  3.31E+01  6.14375E-03
  3.32E+01  6.05540E-03
  3.33E+01  5.96858E-03
  3.34E+01  5.88328E-03
  3.35E+01  5.79947E-03
  3.36E+01  5.71715E-03
  3.37E+01  5.63627E-03
  3.38E+01  5.55681E-03
  3.39E+01  5.47877E-03
  3.40E+01  5.40210E-03
  3.41E+01  5.32680E-03
  3.42E+01  5.25285E-03
  3.43E+01  5.18022E-03
  3.44E+01  5.10890E-03
  3.45E+01  5.03886E-03
  3.46E+01  4.97009E-03
  3.47E+01  4.90257E-03
  3.48E+01  4.83627E-03
  3.49E+01  4.77119E-03
  3.50E+01  4.70731E-03
  3.51E+01  4.64460E-03
  3.52E+01  4.58305E-03
  3.53E+01  4.52265E-03
  3.54E+01  4.46337E-03
  3.55E+01  4.40520E-03
  3.56E+01  4.34813E-03
  3.57E+01  4.29213E-03
  3.58E+01  4.23720E-03
  3.59E+01  4.18332E-03
  3.60E+01  4.13028E-03
  3.61E+01  4.07797E-03
  3.62E+01  4.02638E-03
  3.63E+01  3.97550E-03
  3.64E+01  3.92531E-03
  3.65E+01  3.87582E-03
  3.66E+01  3.82700E-03
  3.67E+01  3.77885E-03
  3.68E+01  3.73137E-03
  3.69E+01  3.68454E-03
  3.70E+01  3.63835E-03
  3.71E+01  3.59280E-03
  3.72E+01  3.54788E-03
  3.73E+01  3.50358E-03
  3.74E+01  3.45989E-03
  3.75E+01  3.41680E-03
  3.76E+01  3.37431E-03
  3.77E+01  3.33240E-03
  3.78E+01  3.29107E-03
  3.79E+01  3.25032E-03
  3.80E+01  3.21013E-03
  3.81E+01  3.17050E-03
  3.82E+01  3.13142E-03
  3.83E+01  3.09288E-03
  3.84E+01  3.05488E-03
  3.85E+01  3.01741E-03
  3.86E+01  2.98045E-03
  3.87E+01  2.94402E-03
  3.88E+01  2.90809E-03
  3.89E+01  2.87266E-03
  3.90E+01  2.83773E-03
  3.91E+01  2.80329E-03
  3.92E+01  2.76933E-03
  3.93E+01  2.73585E-03
  3.94E+01  2.70284E-03
  3.95E+01  2.67029E-03
  3.96E+01  2.63820E-03
  3.97E+01  2.60657E-03
  3.98E+01  2.57538E-03
  3.99E+01  2.54463E-03
  4.00E+01  2.51432E-03
  4.01E+01  2.48444E-03
  4.02E+01  2.45499E-03
  4.03E+01  2.42595E-03
  4.04E+01  2.39733E-03
  4.05E+01  2.36911E-03
  4.06E+01  2.34130E-03
  4.07E+01  2.31390E-03
  4.08E+01  2.28688E-03
  4.09E+01  2.26025E-03
  4.10E+01  2.23401E-03
  4.11E+01  2.20815E-03
  4.12E+01  2.18267E-03
  4.13E+01  2.15755E-03
  4.14E+01  2.13280E-03
  4.15E+01  2.10841E-03
  4.16E+01  2.08438E-03
  4.17E+01  2.06070E-03
  4.18E+01  2.03737E-03
  4.19E+01  2.01439E-03
  4.20E+01  1.99174E-03
  4.21E+01  1.96943E-03
  4.22E+01  1.94745E-03
  4.23E+01  1.92581E-03
  4.24E+01  1.90448E-03
  4.25E+01  1.88348E-03
  4.26E+01  1.86279E-03
  4.27E+01  1.84241E-03
  4.28E+01  1.82235E-03
  4.29E+01  1.80259E-03
  4.30E+01  1.78313E-03
  4.31E+01  1.76397E-03
  4.32E+01  1.74510E-03
  4.33E+01  1.72652E-03
  4.34E+01  1.70824E-03
  4.35E+01  1.69023E-03
  4.36E+01  1.67251E-03
  4.37E+01  1.65506E-03
  4.38E+01  1.63789E-03
  4.39E+01  1.62099E-03
  4.40E+01  1.60429E-03
  4.41E+01  1.58779E-03
  4.42E+01  1.57147E-03
  4.43E+01  1.55533E-03
  4.44E+01  1.53938E-03
  4.45E+01  1.52362E-03
  4.46E+01  1.50803E-03
  4.47E+01  1.49261E-03
  4.48E+01  1.47738E-03
  4.49E+01  1.46231E-03
  4.50E+01  1.44742E-03
  4.51E+01  1.43270E-03
  4.52E+01  1.41815E-03
  4.53E+01  1.40376E-03
  4.54E+01  1.38953E-03
  4.55E+01  1.37547E-03
  4.56E+01  1.36157E-03
  4.57E+01  1.34783E-03
  4.58E+01  1.33424E-03
  4.59E+01  1.32081E-03
  4.60E+01  1.30754E-03
  4.61E+01  1.29441E-03
  4.62E+01  1.28144E-03
  4.63E+01  1.26862E-03
  4.64E+01  1.25594E-03
  4.65E+01  1.24341E-03
  4.66E+01  1.23102E-03
  4.67E+01  1.21877E-03
  4.68E+01  1.20667E-03
  4.69E+01  1.19470E-03
  4.70E+01  1.18287E-03
  4.71E+01  1.17118E-03
  4.72E+01  1.15963E-03
  4.73E+01  1.14820E-03
  4.74E+01  1.13691E-03
  4.75E+01  1.12575E-03
  4.76E+01  1.11472E-03
  4.77E+01  1.10382E-03
  4.78E+01  1.09305E-03
  4.79E+01  1.08240E-03
  4.80E+01  1.07187E-03
  4.81E+01  1.06147E-03
  4.82E+01  1.05118E-03
  4.83E+01  1.04102E-03
  4.84E+01  1.03098E-03
  4.85E+01  1.02105E-03
  4.86E+01  1.01125E-03
  4.87E+01  1.00155E-03
  4.88E+01  9.91974E-04
  4.89E+01  9.82507E-04
  4.90E+01  9.73153E-04
  4.91E+01  9.63910E-04
  4.92E+01  9.54775E-04
  4.93E+01  9.45749E-04
  4.94E+01  9.36830E-04
  4.95E+01  9.28018E-04
  4.96E+01  9.19311E-04
  4.97E+01  9.10708E-04
  4.98E+01  9.02208E-04
  4.99E+01  8.93809E-04
  5.00E+01  8.85512E-04
