  2.29999995  5.67104  0.  0.
  2.4000001  5.70606  0.  0.
  2.5  5.73491  0.  0.
  2.5999999  5.75789  0.  0.
  2.70000005  5.77536  0.  0.
  2.79999995  5.78766  0.  0.
  2.9000001  5.79502  0.  0.
  3.  5.79774  0.  0.
  3.0999999  5.79602  0.  0.
  3.20000005  5.79022  0.  0.
  3.29999995  5.78049  0.00372000001  0.0215034229
  3.4000001  5.76704  0.00409777798  0.0236320495
  3.5  5.7501  0.00448731668  0.0258025197
  3.5999999  5.72989  0.00492390171  0.0282134152
  3.70000005  5.70656  0.00536048785  0.0305899455
  3.79999995  5.6803  0.0057970725  0.0329291109
  3.9000001  5.65132  0.00624340922  0.0352835034
  4.  5.61977  0.00677749962  0.038087989
  4.0999999  5.58582  0.00731159002  0.0408412257
  4.19999981  5.54956  0.00784568116  0.0435400783
  4.30000019  5.51123  0.00837977454  0.0461828648
  4.4000001  5.47092  0.00896000043  0.0490194455
  4.5  5.42875  0.00955999941  0.0518988468
  4.5999999  5.38488  0.0101599991  0.0547103761
  4.69999981  5.33943  0.0107599981  0.0574522567
  4.80000019  5.29249  0.0113600001  0.0601226868
  4.9000001  5.24418  0.0120178565  0.0630238029
  5.  5.19463  0.0127142847  0.0660460045
  5.0999999  5.14393  0.0134107128  0.0689837678
  5.19999981  5.09217  0.0141071409  0.0718359597
  5.30000019  5.03947  0.014803572  0.074602157
  5.4000001  4.98588  0.0155000001  0.0772811406
  5.5  4.93152  0.016306451  0.0804155891
  5.5999999  4.87647  0.0171129018  0.0834505523
  5.69999981  4.82079  0.0179193527  0.0863854361
  5.80000019  4.76456  0.018725808  0.0892202356
  5.9000001  4.70784  0.0195322588  0.0919547493
  6.  4.65074  0.0203387097  0.0945900505
  6.0999999  4.59327  0.0212314278  0.0975216803
  6.19999981  4.53552  0.0221457139  0.100442328
  6.30000019  4.47756  0.0230600014  0.10325254
  6.4000001  4.41941  0.0239742875  0.105952206
  6.5  4.36116  0.0248885721  0.108543045
  6.5999999  4.30283  0.0258028567  0.111025306
  6.69999981  4.24449  0.0267171413  0.113400639
  6.80000019  4.18617  0.0277311742  0.11608741
  6.9000001  4.12792  0.0287701339  0.118760811
  7.  4.06978  0.0298090935  0.121316452
  7.0999999  4.01178  0.0308480501  0.123755591
  7.19999981  3.95397  0.0318870127  0.126080292
  7.30000019  3.89637  0.0329259783  0.128291794
  7.4000001  3.83901  0.0339649409  0.130391748
  7.5  3.78195  0.035017243  0.132433462
  7.5999999  3.72517  0.0361896574  0.134812626
  7.69999981  3.66874  0.0373620689  0.137071717
  7.80000019  3.61267  0.0385344863  0.139212383
  7.9000001  3.55696  0.0397069007  0.141235858
  8.  3.50167  0.0408793122  0.143145861
  8.10000038  3.44679  0.0420517325  0.144943491
  8.19999981  3.39236  0.043224138  0.146631837
  8.30000019  3.33838  0.0443965584  0.148212583
  8.39999962  3.28487  0.0456106365  0.149825011
  8.5  3.23185  0.0468872368  0.151532516
  8.60000038  3.17933  0.0481638372  0.153128733
  8.69999981  3.12734  0.0494404227  0.154617011
  8.80000019  3.07587  0.050717026  0.155998979
  8.89999962  3.02492  0.0520813644  0.157541961
  9.  2.97453  0.0534833312  0.159087773
  9.10000038  2.92469  0.0548852921  0.160522465
  9.19999981  2.87541  0.0562872529  0.16184893
  9.30000019  2.8267  0.0576892138  0.163070101
  9.39999962  2.77856  0.0590911686  0.164188358
  9.5  2.731  0.0604931295  0.165206737
  9.60000038  2.68402  0.0618950963  0.166127676
  9.69999981  2.63764  0.0632970512  0.166954834
  9.80000019  2.59183  0.064699018  0.167688856
  9.89999962  2.54663  0.0661738992  0.168520437
  10.  2.50201  0.0677217364  0.169440462
  10.1000004  2.458  0.0692695677  0.170264597
  10.1999998  2.41457  0.0708173871  0.170993538
  10.3000002  2.37175  0.0723652124  0.171632193
  10.3999996  2.32952  0.0739130318  0.172181886
  10.5  2.28788  0.0754608691  0.172645413
  10.6000004  2.24684  0.0770087004  0.173026228
  10.6999998  2.20639  0.0785565138  0.173326306
  10.8000002  2.16653  0.080104351  0.17354848
  10.8999996  2.12726  0.0816521704  0.173695396
  11.  2.08858  0.0832000017  0.17376986
  11.1000004  2.05048  0.0848769307  0.174038449
  11.1999998  2.01295  0.0865538478  0.174228568
  11.3000002  1.976  0.0882307708  0.174344003
  11.3999996  1.93963  0.0899076879  0.174387649
  11.5  1.90382  0.0915846169  0.174360625
  11.6000004  1.86857  0.0932615399  0.174265716
  11.6999998  1.83389  0.094938457  0.174106687
  11.8000002  1.79975  0.096615386  0.173883541
  11.8999996  1.76617  0.0982922971  0.173600906
  12.  1.73314  0.0999692261  0.173260665
  12.1000004  1.70064  0.101646161  0.172863527
  12.1999998  1.66868  0.103323066  0.172413134
  12.3000002  1.63724  0.104999995  0.171910192
  12.3999996  1.60633  0.106999981  0.17187728
  12.5  1.57594  0.108999991  0.171777446
  12.6000004  1.54605  0.111000001  0.171611552
  12.6999998  1.51668  0.112999988  0.171384821
  12.8000002  1.48781  0.11500001  0.171098164
  12.8999996  1.45943  0.116999996  0.170753304
  13.  1.43153  0.119000006  0.170352078
  13.1000004  1.40412  0.121000004  0.169898525
  13.1999998  1.37719  0.123000002  0.169394373
  13.3000002  1.35073  0.125  0.16884125
  13.3999996  1.32473  0.126999998  0.168240707
  13.5  1.29919  0.128999996  0.167595505
  13.6000004  1.2741  0.131000018  0.166907123
  13.6999998  1.24946  0.133000004  0.166178185
  13.8000002  1.22526  0.135125005  0.165563264
  13.8999996  1.20149  0.137249994  0.164904496
  14.  1.17815  0.139375007  0.164204665
  14.1000004  1.15523  0.14150002  0.163465068
  14.1999998  1.13272  0.143624997  0.162686907
  14.3000002  1.11063  0.14575001  0.161874334
  14.3999996  1.08894  0.147874999  0.161027001
  14.5  1.06764  0.15  0.160146
  14.6000004  1.04674  0.152125013  0.159235336
  14.6999998  1.02622  0.154250002  0.158294437
  14.8000002  1.00607  0.156375003  0.157324199
  14.8999996  0.986306  0.15849998  0.156329481
  15.  0.966906  0.160624993  0.155309269
  15.1000004  0.947866  0.162750006  0.154265197
  15.1999998  0.929181  0.164874995  0.153198713
  15.3000002  0.910849  0.166999996  0.152111779
  15.3999996  0.892859  0.169470572  0.151313326
  15.5  0.875207  0.171941173  0.150484118
  15.6000004  0.857888  0.174411762  0.149625757
  15.6999998  0.840898  0.176882339  0.148740005
  15.8000002  0.824229  0.179352939  0.147827894
  15.8999996  0.807876  0.181823516  0.146890855
  16.  0.791834  0.184294105  0.145930338
  16.1000004  0.776101  0.186764705  0.144948274
  16.2000008  0.760665  0.189235306  0.143944674
  16.2999992  0.745527  0.191705847  0.142921885
  16.3999996  0.730679  0.194176447  0.141880652
  16.5  0.716117  0.196647048  0.140822294
  16.6000004  0.701833  0.199117649  0.139747337
  16.7000008  0.687827  0.201588249  0.138657841
  16.7999992  0.674091  0.20405879  0.137554194
  16.8999996  0.660622  0.206529403  0.136437867
  17.  0.647413  0.208999991  0.135309311
  17.1000004  0.634461  0.211599994  0.134251944
  17.2000008  0.621761  0.21420002  0.133181219
  17.2999992  0.609308  0.216799974  0.132097959
  17.3999996  0.597099  0.219399977  0.131003507
  17.5  0.585128  0.221999979  0.129898404
  17.6000004  0.573391  0.224600005  0.128783622
  17.7000008  0.561884  0.227200007  0.127660049
  17.7999992  0.550603  0.229799986  0.126528562
  17.8999996  0.539543  0.232399988  0.125389787
  18.  0.528702  0.23499999  0.124244965
  18.1000004  0.518075  0.237599993  0.123094616
  18.2000008  0.507656  0.240200019  0.121938981
  18.2999992  0.497443  0.242799973  0.120779147
  18.3999996  0.487432  0.245399976  0.119615801
  18.5  0.477618  0.248000002  0.118449265
  18.6000004  0.468  0.25059998  0.117280791
  18.7000008  0.458573  0.253200006  0.116110687
  18.7999992  0.449332  0.255799985  0.114939119
  18.8999996  0.440275  0.258399963  0.113767044
  19.  0.431398  0.26099999  0.112594873
  19.1000004  0.422697  0.263863659  0.111534377
  19.2000008  0.414171  0.266727257  0.110470695
  19.2999992  0.405814  0.269590855  0.109403743
  19.3999996  0.397623  0.272454524  0.108334185
  19.5  0.389597  0.27531817  0.107263133
  19.6000004  0.38173  0.278181791  0.106190335
  19.7000008  0.374022  0.281045485  0.105117194
  19.7999992  0.366467  0.283909059  0.104043301
  19.8999996  0.359064  0.28677268  0.102969746
  20.  0.351809  0.28963635  0.101896675
  20.1000004  0.3447  0.292499995  0.100824748
  20.2000008  0.337734  0.295363641  0.0997543439
  20.2999992  0.330907  0.298227239  0.0986854809
  20.3999996  0.324217  0.301090884  0.0976187832
  20.5  0.317663  0.30395453  0.0965551078
  20.6000004  0.31124  0.306818175  0.0954940889
  20.7000008  0.304946  0.309681821  0.0944362325
  20.7999992  0.29878  0.312545395  0.0933823131
  20.8999996  0.292737  0.315409064  0.0923319033
  21.  0.286816  0.318272686  0.0912856987
  21.1000004  0.281016  0.321136355  0.090244454
  21.2000008  0.275331  0.324000001  0.0892072443
  21.2999992  0.269762  0.327208304  0.0882683666
  21.3999996  0.264306  0.330416632  0.0873310983
  21.5  0.258959  0.333624983  0.0863951919
  21.6000004  0.253721  0.336833334  0.0854616903
  21.7000008  0.248588  0.340041661  0.0845302765
  21.7999992  0.24356  0.343249965  0.0836019614
  21.8999996  0.238633  0.346458292  0.0826763816
  22.  0.233806  0.349666643  0.0817541592
  22.1000004  0.229077  0.352874994  0.0808355451
  22.2000008  0.224444  0.356083345  0.0799207704
  22.2999992  0.219904  0.359291649  0.0790096708
  22.3999996  0.215457  0.362499952  0.0781031522
  22.5  0.2111  0.365708351  0.0772010329
  22.6000004  0.206831  0.368916655  0.0763034006
  22.7000008  0.202649  0.37212503  0.0754107651
  22.7999992  0.198551  0.375333309  0.0745228039
  22.8999996  0.194537  0.37854166  0.073640359
  23.  0.190604  0.381750011  0.0727630792
  23.1000004  0.186752  0.384958363  0.0718917441
  23.2000008  0.182978  0.38816669  0.0710259646
  23.2999992  0.179279  0.391374993  0.0701653174
  23.3999996  0.175657  0.394583344  0.0693113265
  23.5  0.172108  0.397791672  0.068463129
  23.6000004  0.168631  0.401000023  0.0676210349
  23.7000008  0.165225  0.404357195  0.0668099175
  23.7999992  0.161888  0.407714272  0.066004048
  23.8999996  0.158619  0.411071396  0.0652037337
  24.  0.155416  0.414428568  0.0644088303
  24.1000004  0.152278  0.41778574  0.0636195769
  24.2000008  0.149205  0.421142864  0.0628366211
  24.2999992  0.146194  0.424499989  0.0620593513
  24.3999996  0.143244  0.427857113  0.0612879643
  24.5  0.140354  0.431214285  0.0605226497
  24.6000004  0.137523  0.434571457  0.0597635705
  24.7000008  0.13475  0.437928581  0.0590108763
  24.7999992  0.132032  0.441285706  0.0582638343
  24.8999996  0.129371  0.44464283  0.0575238875
  25.  0.126763  0.448000002  0.0567898242
  25.1000004  0.124209  0.451357174  0.0560626232
  25.2000008  0.121706  0.454714298  0.0553414584
  25.2999992  0.119255  0.458071423  0.0546273075
  25.3999996  0.116853  0.461428547  0.05391931
  25.5  0.1145  0.464785719  0.0532179648
  25.6000004  0.112195  0.468142891  0.0525232916
  25.7000008  0.109937  0.471500015  0.0518352972
  25.7999992  0.107725  0.47485714  0.0511539854
  25.8999996  0.105558  0.478214264  0.0504793413
  26.  0.103434  0.481571436  0.0498108599
  26.1000004  0.101355  0.484928608  0.0491499391
  26.2000008  0.0993167  0.488285732  0.0484949276
  26.2999992  0.0973206  0.491642857  0.0478469778
  26.3999996  0.0953651  0.494999981  0.0472057227
  26.5  0.0934495  0.498890638  0.0466210807
  26.6000004  0.0915725  0.502781296  0.0460409402
  26.7000008  0.0897338  0.506671906  0.0454655954
  26.7999992  0.0879324  0.510562468  0.0448949831
  26.8999996  0.0861678  0.514453125  0.044329294
  27.  0.0844391  0.518343782  0.0437684825
  27.1000004  0.0827453  0.522234392  0.0432124415
  27.2000008  0.0810859  0.526125002  0.0426613193
  27.2999992  0.0794605  0.530015564  0.0421153017
  27.3999996  0.0778679  0.533906269  0.04157416
  27.5  0.0763077  0.537796879  0.0410380429
  27.6000004  0.0747792  0.541687536  0.0405069606
  27.7000008  0.0732818  0.545578194  0.0399809521
  27.7999992  0.0718146  0.549468756  0.0394598789
  27.8999996  0.0703771  0.553359365  0.0389438274
  28.  0.0689691  0.557250023  0.0384330326
  28.1000004  0.0675896  0.561140633  0.0379272709
  28.2000008  0.066238  0.56503129  0.0374265426
  28.2999992  0.0649139  0.568921852  0.0369309362
  28.3999996  0.0636166  0.57281251  0.0364403843
  28.5  0.0623453  0.576703167  0.035954732
  28.6000004  0.0611001  0.580593777  0.0354743378
  28.7000008  0.0598803  0.584484386  0.0349991004
  28.7999992  0.0586848  0.588374996  0.034528669
  28.8999996  0.0575137  0.592265606  0.0340633864
  29.  0.0563664  0.596156263  0.0336031824
  29.1000004  0.0552422  0.600046921  0.033147912
  29.2000008  0.0541409  0.603937531  0.0326977214
  29.2999992  0.0530617  0.60782814  0.0322523944
  29.3999996  0.0520045  0.61171875  0.0318121277
  29.5  0.0509686  0.61560936  0.0313767472
  29.6000004  0.0499536  0.619500065  0.0309462584
  29.7000008  0.0489593  0.623390675  0.0305207711
  29.7999992  0.0479849  0.627281284  0.0301000297
  29.8999996  0.0470304  0.631171894  0.0296842666
  30.  0.046095  0.635062504  0.0292732061
  30.1000004  0.0451785  0.638953161  0.0288669454
  30.2000008  0.0442807  0.642843819  0.0284655743
  30.2999992  0.0434007  0.646734381  0.0280687248
  30.3999996  0.0425389  0.650625038  0.0276768734
  30.5  0.0416941  0.654515648  0.0272894409
  30.6000004  0.0408666  0.658406305  0.0269068271
  30.7000008  0.0400557  0.662296915  0.0265287665
  30.7999992  0.0392613  0.666187525  0.0261553883
  30.8999996  0.0384825  0.670078135  0.0257862818
  31.  0.0377198  0.673968792  0.025421968
  31.1000004  0.0369723  0.677859402  0.0250620212
  31.2000008  0.0362398  0.681750059  0.0247064858
  31.2999992  0.0355222  0.685640621  0.0243554633
  31.3999996  0.0348189  0.689531279  0.0240087206
  31.5  0.0341298  0.693421936  0.023666352
  31.6000004  0.0334546  0.697312546  0.0233283123
  31.7000008  0.032793  0.701203203  0.0229945566
  31.7999992  0.0321446  0.705093765  0.022664957
  31.8999996  0.0315094  0.708984423  0.0223396738
  32.  0.0308867  0.712874985  0.0220183558
  32.0999985  0.0302767  0.716765594  0.0217012969
  32.2000008  0.0296789  0.7206563  0.0213882862
  32.2999992  0.0290931  0.724546862  0.0210793143
  32.4000015  0.028519  0.728437614  0.0207743123
  32.5  0.0279565  0.732328176  0.0204733327
  32.5999985  0.0274053  0.736218691  0.0201762941
  32.7000008  0.0268651  0.740109444  0.0198831142
  32.7999992  0.0263358  0.744000006  0.0195938354
  32.9000015  0.025817  0.748315907  0.0193192718
  33.  0.0253088  0.752631617  0.0190482031
  33.0999985  0.0248106  0.756947327  0.0187803173
  33.2000008  0.0243223  0.761263227  0.0185156726
  33.2999992  0.023844  0.765578938  0.0182544642
  33.4000015  0.023375  0.769894838  0.0179962918
  33.5  0.0229154  0.774210548  0.0177413444
  33.5999985  0.0224652  0.778526306  0.0174897492
  33.7000008  0.0220238  0.782842159  0.0172411591
  33.7999992  0.0215915  0.787157869  0.0169959191
  33.9000015  0.0211676  0.79147377  0.0167536002
  34.  0.0207521  0.795789528  0.0165143039
  34.0999985  0.0203451  0.80010519  0.0162782201
  34.2000008  0.0199461  0.804421139  0.0160450645
  34.2999992  0.019555  0.808736897  0.01581485
  34.4000015  0.0191718  0.81305275  0.0155876847
  34.5  0.0187962  0.817368507  0.0153634219
  34.5999985  0.0184281  0.821684265  0.0151420798
  34.7000008  0.0180673  0.826000023  0.0149235902
  34.7999992  0.0177138  0.830315781  0.0147080477
  34.9000015  0.0173672  0.834631729  0.0144952162
  35.  0.0170276  0.838947392  0.0142852606
  35.0999985  0.0166946  0.843263149  0.014077941
  35.2000008  0.0163684  0.847579002  0.0138735121
  35.2999992  0.0160486  0.85189476  0.0136717182
  35.4000015  0.0157351  0.856210613  0.0134725596
  35.5  0.0154279  0.860526371  0.0132761148
  35.5999985  0.0151268  0.864842033  0.0130822925
  35.7000008  0.0148316  0.869157982  0.0128910035
  35.7999992  0.0145424  0.87347374  0.0127024045
  35.9000015  0.0142588  0.877789593  0.0125162262
  36.  0.0139809  0.882105255  0.0123326254
  36.0999985  0.0137085  0.886421013  0.0121515025
  36.2000008  0.0134415  0.890736961  0.0119728409
  36.2999992  0.0131797  0.895052624  0.0117965251
  36.4000015  0.0129232  0.899368572  0.0116227199
  36.5  0.0126717  0.903684235  0.0114512155
  36.5999985  0.0124252  0.907999992  0.0112820815
  36.7000008  0.0121836  0.912465191  0.0111171109
  36.7999992  0.0119468  0.916930199  0.0109543817
  36.9000015  0.0117146  0.921395493  0.0107937796
  37.  0.0114871  0.9258605  0.0106354522
  37.0999985  0.011264  0.930325508  0.0104791865
  37.2000008  0.0110453  0.934790802  0.0103250448
  37.2999992  0.0108309  0.93925581  0.0101729858
  37.4000015  0.0106208  0.943721104  0.0100230731
  37.5  0.0104148  0.948186111  0.00987516871
  37.5999985  0.0102129  0.952651119  0.00972933062
  37.7000008  0.010015  0.957116318  0.00958551992
  37.7999992  0.00982094  0.961581326  0.0094436325
  37.9000015  0.00963072  0.966046524  0.00930372358
  38.  0.00944423  0.970511627  0.00916573502
  38.0999985  0.00926144  0.97497673  0.00902968849
  38.2000008  0.00908223  0.979441833  0.008895516
  38.2999992  0.00890654  0.983906937  0.00876320649
  38.4000015  0.00873431  0.988372135  0.00863274862
  38.5  0.00856548  0.992837238  0.00850412751
  38.5999985  0.00839994  0.997302246  0.00837727903
  38.7000008  0.00823768  1.00176754  0.00825224043
  38.7999992  0.00807858  1.00623245  0.00812892937
  38.9000015  0.00792261  1.01069775  0.00800736407
  39.  0.00776972  1.01516275  0.00788753035
  39.0999985  0.00761982  1.01962776  0.00776938001
  39.2000008  0.00747283  1.02409306  0.00765287331
  39.2999992  0.00732875  1.02855806  0.00753804491
  39.4000015  0.00718747  1.03302326  0.00742482371
  39.5  0.00704898  1.03748837  0.00731323474
  39.5999985  0.00691319  1.04195337  0.00720322164
  39.7000008  0.00678006  1.04641857  0.0070947807
  39.7999992  0.00664953  1.05088367  0.00698788252
  39.9000015  0.00652157  1.05534878  0.00688253093
  40.  0.0063961  1.05981388  0.00677867556
  40.0999985  0.00627308  1.06427889  0.00667630661
  40.2000008  0.00615247  1.06874409  0.00657541593
  40.2999992  0.0060342  1.07320919  0.0064759589
  40.4000015  0.00591826  1.07767448  0.00637795779
  40.5  0.00580456  1.08213949  0.00628134361
  40.5999985  0.0056931  1.0866045  0.00618614808
  40.7000008  0.0055838  1.09106979  0.00609231551
  40.7999992  0.00547665  1.0955348  0.00599986067
  40.9000015  0.00537156  1.1  0.005908716
  41.  0.00526854  1.10478258  0.00582059122
  41.0999985  0.00516751  1.10956507  0.00573368858
  41.2000008  0.00506847  1.11434774  0.00564803811
  41.2999992  0.00497133  1.11913033  0.00556356616
  41.4000015  0.0048761  1.1239131  0.00548031265
  41.5  0.00478271  1.12869558  0.00539822365
  41.5999985  0.00469115  1.13347816  0.00531731609
  41.7000008  0.00460136  1.13826084  0.00523754791
  41.7999992  0.00451331  1.14304333  0.00515890888
  41.9000015  0.00442698  1.14782619  0.00508140361
  42.  0.00434232  1.15260868  0.00500499573
  42.0999985  0.0042593  1.15739117  0.0049296762
  42.2000008  0.00417789  1.16217384  0.00485543448
  42.2999992  0.00409807  1.16695652  0.00478226951
  42.4000015  0.00401979  1.1717392  0.00471014551
  42.5  0.00394303  1.17652178  0.00463906067
  42.5999985  0.00386775  1.18130417  0.0045689892
  42.7000008  0.00379395  1.18608694  0.00449995455
  42.7999992  0.00372155  1.19086952  0.00443188047
  42.9000015  0.00365057  1.1956522  0.00436481205
  43.  0.00358096  1.20043478  0.00429870893
  43.0999985  0.0035127  1.20521727  0.00423356669
  43.2000008  0.00344575  1.21000004  0.00416935763
  43.2999992  0.00338011  1.21520004  0.00410750982
  43.4000015  0.00331572  1.22040005  0.00404650484
  43.5  0.00325259  1.22560005  0.00398637447
  43.5999985  0.00319067  1.23079987  0.00392707621
  43.7000008  0.00312994  1.23600006  0.00386860603
  43.7999992  0.0030704  1.24119987  0.0038109801
  43.9000015  0.003012  1.24640007  0.00375415701
  44.  0.00295473  1.25159998  0.00369814001
  44.0999985  0.00289855  1.25679989  0.00364289732
  44.2000008  0.00284346  1.26200008  0.00358844676
  44.2999992  0.00278944  1.26719999  0.00353477835
  44.4000015  0.00273646  1.27240009  0.00348187196
  44.5  0.0026845  1.27759991  0.00342971695
  44.5999985  0.00263353  1.28279991  0.00337829205
  44.7000008  0.00258354  1.28800011  0.0033275998
  44.7999992  0.00253452  1.29319992  0.00327764106
  44.9000015  0.00248644  1.29840012  0.00322839398
  45.  0.00243928  1.30359993  0.00317984524
  45.0999985  0.00239304  1.30879993  0.00313201059
  45.2000008  0.00234768  1.31400013  0.00308485182
  45.2999992  0.00230319  1.31919994  0.00303836812
  45.4000015  0.00225956  1.32439995  0.00299256115
  45.5  0.00221676  1.32959995  0.00294740399
  45.5999985  0.00217478  1.33479986  0.00290289604
  45.7000008  0.00213362  1.33999996  0.00285905072
  45.7999992  0.00209323  1.34519997  0.00281581293
  45.9000015  0.00205363  1.35040007  0.00277322209
  46.  0.00201479  1.35559998  0.00273124927
  46.0999985  0.00197669  1.36079988  0.00268987952
  46.2000008  0.00193931  1.36599998  0.00264909743
  46.2999992  0.00190266  1.37119999  0.00260892737
  46.4000015  0.0018667  1.37639999  0.00256932587
  46.5  0.00183143  1.3816  0.00253030369
  46.5999985  0.00179684  1.38679981  0.00249185737
  46.7000008  0.00176291  1.39200001  0.00245397073
  46.7999992  0.00172962  1.39719992  0.00241662492
  46.9000015  0.00169699  1.40240002  0.0023798588
  47.  0.00166496  1.40760002  0.00234359773
  47.0999985  0.00163355  1.41279984  0.00230787917
  47.2000008  0.00160274  1.41800003  0.00227268537
  47.2999992  0.00157252  1.42319984  0.00223801022
  47.4000015  0.00154288  1.42840004  0.00220384985
  47.5  0.0015138  1.43359995  0.0021701836
  47.5999985  0.00148527  1.43879986  0.00213700627
  47.7000008  0.00145729  1.44399996  0.0021043267
  47.7999992  0.00142985  1.44919987  0.00207213843
  47.9000015  0.00140292  1.45440006  0.00204040694
  48.  0.00137651  1.45959997  0.00200915396
  48.0999985  0.0013506  1.46479988  0.00197835872
  48.2000008  0.00132519  1.46999998  0.00194802927
  48.2999992  0.00130026  1.47527256  0.0019182379
  48.4000015  0.00127581  1.48054543  0.00188889466
  48.5  0.00125181  1.485818  0.00185996184
  48.5999985  0.00122829  1.49109087  0.001831492
  48.7000008  0.00120519  1.49636364  0.0018034025
  48.7999992  0.00118255  1.50163631  0.00177576002
  48.9000015  0.00116033  1.50690918  0.00174851193
  49.  0.00113854  1.51218176  0.00172167942
  49.0999985  0.00111716  1.51745434  0.00169523929
  49.2000008  0.00109618  1.5227272  0.00166918311
  49.2999992  0.0010756  1.52799988  0.00164351667
  49.4000015  0.00105542  1.53327274  0.00161824672
  49.5  0.00103562  1.53854542  0.00159334841
  49.5999985  0.00101619  1.54381809  0.00156881251
  49.7000008  0.000997139  1.54909096  0.00154465901
  49.7999992  0.00097844  1.55436354  0.00152085146
  49.9000015  0.000960092  1.55963631  0.00149739434
  50.  0.000942103  1.56490898  0.00147430545
  50.0999985  0.000924447  1.57018166  0.00145154972
  50.2000008  0.000907127  1.57545452  0.00142913733
  50.2999992  0.000890136  1.5807272  0.00140706218
  50.4000015  0.000873466  1.58600006  0.00138531713
  50.5  0.000857112  1.59127274  0.00136389896
  50.5999985  0.000841067  1.59654531  0.00134280158
  50.7000008  0.000825326  1.60181808  0.00132202211
  50.7999992  0.000809883  1.60709076  0.00130155549
  50.9000015  0.000794731  1.61236362  0.00128139536
  51.  0.000779866  1.6176363  0.00126153955
  51.0999985  0.000765283  1.62290897  0.00124198465
  51.2000008  0.000750973  1.62818184  0.0012227206
  51.2999992  0.000736935  1.63345451  0.0012037498
  51.4000015  0.000723161  1.63872719  0.00118506359
  51.5  0.000709648  1.64399986  0.00116666121
  51.5999985  0.000696391  1.64927273  0.00114853868
  51.7000008  0.000683382  1.6545454  0.00113068655
  51.7999992  0.00067062  1.65981808  0.0011131072
  51.9000015  0.000658098  1.66509094  0.00109579302
  52.  0.000645813  1.67036362  0.00107874254
  52.0999985  0.000633759  1.67563629  0.00106194958
  52.2000008  0.000621931  1.68090897  0.00104540939
  52.2999992  0.000610328  1.68618183  0.00102912398
  52.4000015  0.000598943  1.6914547  0.00101308495
  52.5  0.000587772  1.69672718  0.000997288728
  52.5999985  0.000576812  1.70199986  0.00098173394
  52.7000008  0.000566057  1.70727272  0.000966413674
  52.7999992  0.000555506  1.71254539  0.000951329242
  52.9000015  0.000545152  1.71781826  0.00093647206
  53.  0.000534994  1.72309093  0.000921843312
  53.0999985  0.000525026  1.72836361  0.000907435832
  53.2000008  0.000515247  1.73363628  0.000893250894
  53.2999992  0.000505651  1.73890915  0.00087928115
  53.4000015  0.000496235  1.74418201  0.000865524162
  53.5  0.000486996  1.7494545  0.000851977343
  53.5999985  0.000477931  1.75472717  0.000838638512
  53.7000008  0.000469036  1.76000004  0.000825503378
  53.7999992  0.000460309  1.76548386  0.000812668108
  53.9000015  0.000451744  1.77096786  0.000800024107
  54.  0.000443341  1.77645168  0.000787573866
  54.0999985  0.000435096  1.7819355  0.000775313009
  54.2000008  0.000427005  1.78741932  0.000763236986
  54.2999992  0.000419066  1.79290314  0.000751344746
  54.4000015  0.000411276  1.79838715  0.000739633472
  54.5  0.000403631  1.80387096  0.000728098241
  54.5999985  0.000396131  1.80935478  0.000716741519
  54.7000008  0.000388771  1.81483879  0.000705556692
  54.7999992  0.000381549  1.82032261  0.000694542271
  54.9000015  0.000374462  1.82580643  0.000683695126
  55.  0.000367508  1.83129025  0.000673013815
  55.0999985  0.000360684  1.83677406  0.000662495016
  55.2000008  0.000353987  1.84225807  0.000652135408
  55.2999992  0.000347417  1.84774189  0.000641936944
  55.4000015  0.000340969  1.8532259  0.000631892581
  55.5  0.000334642  1.85870972  0.000622002337
  55.5999985  0.000328433  1.86419334  0.000612262613
  55.7000008  0.00032234  1.86967735  0.000602671798
  55.7999992  0.000316362  1.87516136  0.000593229799
  55.9000015  0.000310495  1.88064518  0.000583930925
  56.  0.000304738  1.886129  0.000574775179
  56.0999985  0.000299088  1.89161282  0.000565758694
  56.2000008  0.000293544  1.89709663  0.000556881334
  56.2999992  0.000288104  1.90258064  0.000548141093
  56.4000015  0.000282764  1.90806465  0.000539531993
  56.5  0.000277526  1.91354828  0.0005310594
  56.5999985  0.000272384  1.91903229  0.000522713691
  56.7000008  0.000267339  1.9245163  0.000514498262
  56.7999992  0.000262387  1.92999992  0.00050640689
  56.9000015  0.000257529  1.93548393  0.000498443242
  57.  0.000252761  1.94096756  0.000490600901
  57.0999985  0.000248082  1.94645138  0.000482879551
  57.2000008  0.00024349  1.95193558  0.000475276794
  57.2999992  0.000238983  1.9574192  0.000467789914
  57.4000015  0.000234561  1.96290321  0.000460420541
  57.5  0.000230221  1.96838703  0.000453164031
  57.5999985  0.000225962  1.97387085  0.000446019805
  57.7000008  0.000221783  1.97935486  0.000438987259
  57.7999992  0.000217681  1.98483849  0.000432061626
  57.9000015  0.000213656  1.99032269  0.000425244384
  58.  0.000209705  1.9958065  0.000418530603
  58.0999985  0.000205829  2.00129013  0.000411923546
  58.2000008  0.000202024  2.00677414  0.000405416539
  58.2999992  0.00019829  2.01225796  0.00039901063
  58.4000015  0.000194626  2.01774197  0.000392705048
  58.5  0.00019103  2.02322578  0.000386496822
  58.5999985  0.000187501  2.0287096  0.000380385079
  58.7000008  0.000184037  2.03419361  0.00037436689
  58.7999992  0.000180638  2.03967724  0.000368443217
  58.9000015  0.000177302  2.04516125  0.000362611179
  59.  0.000174028  2.05064507  0.000356869659
  59.0999985  0.000170815  2.05612869  0.000351217623
  59.2000008  0.000167662  2.06161289  0.000345654141
  59.2999992  0.000164567  2.06709652  0.000340175873
  59.4000015  0.00016153  2.07258072  0.000334783964
  59.5  0.000158549  2.07806454  0.000329475054
  59.5999985  0.000155623  2.08354816  0.000324248016
  59.7000008  0.000152753  2.08903236  0.000319105961
  59.7999992  0.000149934  2.09451599  0.000314039161
  59.9000015  0.000147169  2.1  0.0003090549
  60.  0.000144455  2.10571423  0.000304180948
  60.0999985  0.000141791  2.11142845  0.000299381552
  60.2000008  0.000139177  2.11714287  0.000294657593
  60.2999992  0.000136611  2.12285709  0.00029000563
  60.4000015  0.000134093  2.12857151  0.00028542654
  60.5  0.000131621  2.13428555  0.000280916798
  60.5999985  0.000129195  2.13999977  0.00027647727
  60.7000008  0.000126814  2.14571419  0.000272106599
  60.7999992  0.000124478  2.15142841  0.000267805506
  60.9000015  0.000122185  2.15714283  0.000263570497
  61.  0.000119934  2.16285706  0.000259400098
  61.0999985  0.000117725  2.16857128  0.000255295054
  61.2000008  0.000115556  2.1742857  0.000251251758
  61.2999992  0.000113429  2.17999992  0.000247275211
  61.4000015  0.00011134  2.18571434  0.000243357435
  61.5  0.00010929  2.19142838  0.000239501207
  61.5999985  0.000107278  2.1971426  0.000235705064
  61.7000008  0.000105304  2.20285702  0.000231969655
  61.7999992  0.000103366  2.20857124  0.000228291175
  61.9000015  0.000101463  2.21428566  0.000224668066
  62.  9.95962E-05  2.21999989  0.000221103553
  62.0999985  9.77632E-05  2.22571411  0.000217592934
  62.2000008  9.59651E-05  2.23142853  0.000214139262
  62.2999992  9.41997E-05  2.23714275  0.000210738176
  62.4000015  9.24667E-05  2.24285717  0.000207389601
  62.5  9.07665E-05  2.2485714  0.000204094956
  62.5999985  8.9097E-05  2.25428562  0.000200850086
  62.7000008  8.74584E-05  2.26000004  0.000197655987
  62.7999992  8.58506E-05  2.26571407  0.000194512913
  62.9000015  8.42721E-05  2.27142849  0.000191418049
  63.  8.27231E-05  2.27714272  0.000188372305
  63.0999985  8.12029E-05  2.28285694  0.000185374604
  63.2000008  7.97101E-05  2.28857136  0.000182422252
  63.2999992  7.82455E-05  2.29428558  0.000179517523
  63.4000015  7.68078E-05  2.3  0.00017665794
  63.5  7.53962E-05  2.30571423  0.000173842091
  63.5999985  7.40109E-05  2.31142845  0.0001710709
  63.7000008  7.26512E-05  2.31714287  0.00016834321
  63.7999992  7.13169E-05  2.3228569  0.000165658953
  63.9000015  7.00072E-05  2.32857132  0.000163016758
  64.  6.87212E-05  2.33428574  0.000160414917
  64.0999985  6.74594E-05  2.33999977  0.000157854981
  64.1999969  6.62205E-05  2.345714  0.000155334354
  64.3000031  6.50047E-05  2.3514286  0.000152853911
  64.4000015  6.38113E-05  2.35714283  0.000150412348
  64.5  6.26402E-05  2.36285706  0.000148009839
  64.5999985  6.14905E-05  2.36857128  0.000145644632
  64.6999969  6.03616E-05  2.37428551  0.000143315672
  64.8000031  5.92539E-05  2.38000011  0.000141024289
  64.9000015  5.81665E-05  2.38571434  0.000138768653
  65.  5.70993E-05  2.39142857  0.000136548897
  65.0999985  5.60516E-05  2.3971426  0.000134363678
  65.1999969  5.50232E-05  2.40285683  0.000132212872
  65.3000031  5.4014E-05  2.40857143  0.000130096577
  65.4000015  5.30233E-05  2.41428566  0.000128013393
  65.5  5.20507E-05  2.41999989  0.000125962688
  65.5999985  5.10961E-05  2.42571411  0.000123944531
  65.6999969  5.01592E-05  2.43142834  0.0001219585
  65.8000031  4.92394E-05  2.43714294  0.000120003456
  65.9000015  4.83366E-05  2.44285717  0.00011807941
  66.  4.74503E-05  2.4485714  0.000116185447
  66.0999985  4.65805E-05  2.45428562  0.000114321851
  66.1999969  4.57266E-05  2.45999966  0.00011248742
  66.3000031  4.48885E-05  2.46571445  0.000110682223
  66.4000015  4.40658E-05  2.47142849  0.000108905474
  66.5  4.32582E-05  2.47714272  0.000107156735
  66.5999985  4.24654E-05  2.48285694  0.000105435513
  66.6999969  4.16873E-05  2.48857117  0.000103741813
  66.8000031  4.09236E-05  2.49428577  0.000102075153
  66.9000015  4.01738E-05  2.5  0.0001004345
  67.  3.94378E-05  2.50597382  9.88300942E-05
  67.0999985  3.87153E-05  2.51194801  9.72508209E-05
  67.1999969  3.80063E-05  2.51792183  9.56968924E-05
  67.3000031  3.73101E-05  2.52389622  9.41668203E-05
  67.4000015  3.66268E-05  2.52987022  9.26610507E-05
  67.5  3.5956E-05  2.53584404  9.11788083E-05
  67.5999985  3.52976E-05  2.54181805  8.97200767E-05
  67.6999969  3.46514E-05  2.54779186  8.82845549E-05
  67.8000031  3.40169E-05  2.55376644  8.68712177E-05
  67.9000015  3.33942E-05  2.55974045  8.54804845E-05
  68.  3.27828E-05  2.56571426  8.41112976E-05
  68.0999985  3.21827E-05  2.57168808  8.2763866E-05
  68.1999969  3.15937E-05  2.57766209  8.14378827E-05
  68.3000031  3.10154E-05  2.58363647  8.01325187E-05
  68.4000015  3.04478E-05  2.58961029  7.88479362E-05
  68.5  2.98906E-05  2.5955843  7.7583572E-05
  68.5999985  2.93436E-05  2.6015583  7.63390862E-05
  68.6999969  2.88067E-05  2.60753231  7.5114401E-05
  68.8000031  2.82797E-05  2.6135067  7.39091854E-05
  68.9000015  2.77623E-05  2.61948051  7.27228039E-05
  69.  2.72544E-05  2.62545452  7.15551877E-05
  69.0999985  2.67558E-05  2.63142834  7.04059703E-05
  69.1999969  2.62664E-05  2.63740234  6.92750649E-05
  69.3000031  2.5786E-05  2.64337654  6.81621075E-05
  69.4000015  2.53144E-05  2.64935074  6.70667243E-05
  69.5  2.48514E-05  2.65532455  6.59885326E-05
  69.5999985  2.43969E-05  2.66129856  6.49274349E-05
  69.6999969  2.39508E-05  2.66727257  6.38833118E-05
  69.8000031  2.35129E-05  2.67324677  6.28557839E-05
  69.9000015  2.3083E-05  2.67922096  6.18444575E-05
  70.  2.26609E-05  2.68519478  6.08489304E-05
  70.0999985  2.22467E-05  2.69116859  5.98696204E-05
  70.1999969  2.184E-05  2.69714279  5.89055986E-05
  70.3000031  2.14408E-05  2.70311699  5.79569907E-05
  70.4000015  2.10489E-05  2.70909119  5.70233895E-05
  70.5  2.06642E-05  2.715065  5.61046462E-05
  70.5999985  2.02865E-05  2.72103882  5.5200354E-05
  70.6999969  1.99158E-05  2.72701283  5.4310642E-05
  70.8000031  1.95518E-05  2.73298721  5.34348194E-05
  70.9000015  1.91945E-05  2.73896103  5.25729875E-05
  71.  1.88438E-05  2.74493523  5.17250104E-05
  71.0999985  1.84995E-05  2.75090904  5.08904418E-05
  71.1999969  1.81615E-05  2.75688305  5.00691315E-05
  71.3000031  1.78297E-05  2.76285744  4.92609192E-05
  71.4000015  1.7504E-05  2.76883125  4.84656223E-05
  71.5  1.71842E-05  2.77480526  4.76828085E-05
  71.5999985  1.68703E-05  2.78077908  4.69125772E-05
  71.6999969  1.65622E-05  2.78675308  4.61547619E-05
  71.8000031  1.62597E-05  2.79272766  4.5408914E-05
  71.9000015  1.59628E-05  2.79870148  4.46751119E-05
  72.  1.56712E-05  2.80467529  4.39526275E-05
  72.0999985  1.53851E-05  2.8106493  4.32421205E-05
  72.1999969  1.51041E-05  2.81662331  4.25425601E-05
  72.3000031  1.48284E-05  2.82259769  4.18546077E-05
  72.4000015  1.45576E-05  2.82857151  4.11772126E-05
  72.5  1.42918E-05  2.83454552  4.05107576E-05
  72.5999985  1.40309E-05  2.84051952  3.98550454E-05
  72.6999969  1.37747E-05  2.84649353  3.92095944E-05
  72.8000031  1.35233E-05  2.85246773  3.85747768E-05
  72.9000015  1.32764E-05  2.85844173  3.79498158E-05
  73.  1.30341E-05  2.86441574  3.73350812E-05
  73.0999985  1.27962E-05  2.87038956  3.67300788E-05
  73.1999969  1.25626E-05  2.87636337  3.61346025E-05
  73.3000031  1.23333E-05  2.88233795  3.55487387E-05
  73.4000015  1.21083E-05  2.88831196  3.49725477E-05
  73.5  1.18873E-05  2.89428596  3.44052456E-05
  73.5999985  1.16704E-05  2.90025959  3.38471895E-05
  73.6999969  1.14574E-05  2.9062336  3.32978808E-05
  73.8000031  1.12484E-05  2.91220818  3.27576824E-05
  73.9000015  1.10431E-05  2.91818218  3.22257777E-05
  74.  1.08416E-05  2.92415581  3.17025276E-05
  74.0999985  1.06438E-05  2.93012981  3.11877157E-05
  74.1999969  1.04497E-05  2.93610382  3.06814041E-05
  74.3000031  1.0259E-05  2.9420784  3.01827823E-05
  74.4000015  1.00719E-05  2.94805202  2.96924852E-05
  74.5  9.88816E-06  2.95402603  2.9209882E-05
  74.5999985  9.70782E-06  2.96000004  2.87351476E-05
  74.6999969  9.53073E-06  2.96604652  2.82685886E-05
  74.8000031  9.35692E-06  2.9720932  2.78096383E-05
  74.9000015  9.18626E-06  2.97813969  2.73579655E-05
  75.  9.01875E-06  2.98418598  2.69136273E-05
  75.0999985  8.85426E-06  2.99023247  2.64762957E-05
  75.1999969  8.69279E-06  2.99627895  2.60460237E-05
  75.3000031  8.53427E-06  3.00232601  2.56226608E-05
  75.4000015  8.37867E-06  3.00837231  2.52061588E-05
  75.5  8.2259E-06  3.01441879  2.47963075E-05
  75.5999985  8.07593E-06  3.02046528  2.43930662E-05
  75.6999969  7.92866E-06  3.02651176  2.39961828E-05
  75.8000031  7.78411E-06  3.03255844  2.36057685E-05
  75.9000015  7.64223E-06  3.03860493  2.32217177E-05
  76.  7.5029E-06  3.04465122  2.28437137E-05
  76.0999985  7.36611E-06  3.05069771  2.24717749E-05
  76.1999969  7.23185E-06  3.056744  2.21059141E-05
  76.3000031  7.10002E-06  3.06279106  2.17458778E-05
  76.4000015  6.9706E-06  3.06883755  2.1391639E-05
  76.5  6.84356E-06  3.07488384  2.10431521E-05
  76.5999985  6.71882E-06  3.08093033  2.07002163E-05
  76.6999969  6.59635E-06  3.08697662  2.03627783E-05
  76.8000031  6.47615E-06  3.09302349  2.00308841E-05
  76.9000015  6.35811E-06  3.09906998  1.97042278E-05
  77.  6.24226E-06  3.10511627  1.93829431E-05
  77.0999985  6.12851E-06  3.11116295  1.90667932E-05
  77.1999969  6.0168E-06  3.11720905  1.87556234E-05
  77.3000031  5.90719E-06  3.12325611  1.84496673E-05
  77.4000015  5.79956E-06  3.1293026  1.81485782E-05
  77.5  5.69389E-06  3.13534889  1.78523317E-05
  77.5999985  5.59012E-06  3.14139538  1.75607771E-05
  77.6999969  5.48828E-06  3.14744186  1.72740422E-05
  77.8000031  5.38828E-06  3.15348854  1.69918792E-05
  77.9000015  5.29012E-06  3.15953503  1.67143194E-05
  78.  5.19376E-06  3.16558151  1.64412706E-05
  78.0999985  5.09913E-06  3.17162781  1.61725425E-05
  78.1999969  5.00625E-06  3.17767429  1.59082319E-05
  78.3000031  4.91504E-06  3.18372135  1.56481178E-05
  78.4000015  4.82551E-06  3.18976765  1.53922557E-05
  78.5  4.73762E-06  3.19581413  1.5140553E-05
  78.5999985  4.65132E-06  3.20186043  1.48928774E-05
  78.6999969  4.5666E-06  3.2079071  1.46492286E-05
  78.8000031  4.48345E-06  3.21395416  1.44096028E-05
  78.9000015  4.40178E-06  3.22000046  1.41737336E-05
  79.  4.32162E-06  3.22604675  1.39417482E-05
  79.0999985  4.24292E-06  3.23209305  1.37135122E-05
  79.1999969  4.16564E-06  3.23813934  1.34889228E-05
  79.3000031  4.08979E-06  3.2441864  1.32680411E-05
  79.4000015  4.0153E-06  3.2502327  1.30506593E-05
  79.5  3.9422E-06  3.25627899  1.2836903E-05
  79.5999985  3.8704E-06  3.26232567  1.26265053E-05
  79.6999969  3.79992E-06  3.26837196  1.2419552E-05
  79.8000031  3.73073E-06  3.27441864  1.22159719E-05
  79.9000015  3.66281E-06  3.28046532  1.20157212E-05
  80.  3.59613E-06  3.28651199  1.18187244E-05
  80.0999985  3.53064E-06  3.29255829  1.1624838E-05
  80.1999969  3.46636E-06  3.29860458  1.1434151E-05
  80.3000031  3.40325E-06  3.30465164  1.12465557E-05
  80.4000015  3.34129E-06  3.31069794  1.10620019E-05
  80.5  3.28046E-06  3.31674423  1.08804468E-05
  80.5999985  3.22074E-06  3.32279053  1.07018444E-05
  80.6999969  3.16211E-06  3.3288372  1.05261494E-05
  80.8000031  3.10455E-06  3.33488388  1.03533138E-05
  80.9000015  3.04804E-06  3.34093018  1.01832888E-05
  81.  2.99256E-06  3.34697685  1.0016029E-05
  81.0999985  2.93808E-06  3.35302353  9.85145137E-06
  81.1999969  2.8846E-06  3.35906982  9.68957281E-06
  81.3000031  2.8321E-06  3.3651165  9.53034644E-06
  81.4000015  2.78055E-06  3.37116318  9.37368777E-06
  81.5  2.72994E-06  3.37720947  9.21957923E-06
  81.5999985  2.68025E-06  3.38325577  9.06797127E-06
  81.6999969  2.63147E-06  3.38930206  8.9188467E-06
  81.8000031  2.58358E-06  3.39534912  8.77215608E-06
  81.9000015  2.53656E-06  3.40139542  8.62784356E-06
  82.  2.4904E-06  3.40744171  8.48589284E-06
  82.0999985  2.44508E-06  3.41348839  8.34625219E-06
  82.1999969  2.40058E-06  3.41953506  8.20886749E-06
  82.3000031  2.3569E-06  3.42558174  8.07375361E-06
  82.4000015  2.31401E-06  3.43162804  7.94082159E-06
  82.5  2.2719E-06  3.43767471  7.81005318E-06
  82.5999985  2.23056E-06  3.44372101  7.68142633E-06
  82.6999969  2.18997E-06  3.4497673  7.5548869E-06
  82.8000031  2.15012E-06  3.45581436  7.43041558E-06
  82.9000015  2.111E-06  3.46186066  7.30798785E-06
  83.  2.07259E-06  3.46790695  7.18754927E-06
  83.0999985  2.03488E-06  3.47395363  7.06907876E-06
  83.1999969  1.99785E-06  3.47999992  6.95251785E-06
  83.3000031  1.96151E-06  3.48608284  6.83798635E-06
  83.4000015  1.92582E-06  3.49216537  6.72528192E-06
  83.5  1.89078E-06  3.49824753  6.61441646E-06
  83.5999985  1.85638E-06  3.50433006  6.50536824E-06
  83.6999969  1.82261E-06  3.51041222  6.39811241E-06
  83.8000031  1.78945E-06  3.51649513  6.29259221E-06
  83.9000015  1.75689E-06  3.52257729  6.18878081E-06
  84.  1.72493E-06  3.52865982  6.08669118E-06
  84.0999985  1.69355E-06  3.53474236  5.98626292E-06
  84.1999969  1.66274E-06  3.54082451  5.88747054E-06
  84.3000031  1.6325E-06  3.54690742  5.79032637E-06
  84.4000015  1.6028E-06  3.55298996  5.69473231E-06
  84.5  1.57364E-06  3.55907249  5.60069884E-06
  84.5999985  1.54502E-06  3.56515465  5.50823523E-06
  84.6999969  1.51691E-06  3.5712368  5.41724482E-06
  84.8000031  1.48932E-06  3.57731972  5.3277738E-06
  84.9000015  1.46223E-06  3.58340225  5.23975828E-06
  85.  1.43564E-06  3.58948441  5.15320739E-06
  85.0999985  1.40952E-06  3.59556694  5.06802351E-06
  85.1999969  1.38389E-06  3.60164948  4.98428669E-06
  85.3000031  1.35871E-06  3.60773201  4.90186156E-06
  85.4000015  1.334E-06  3.61381454  4.8208286E-06
  85.5  1.30974E-06  3.61989708  4.741124E-06
  85.5999985  1.28592E-06  3.62597961  4.66271971E-06
  85.6999969  1.26253E-06  3.63206177  4.58558694E-06
  85.8000031  1.23957E-06  3.63814468  4.50973501E-06
  85.9000015  1.21702E-06  3.64422684  4.43509695E-06
  86.  1.19489E-06  3.65030937  4.36171817E-06
  86.0999985  1.17316E-06  3.65639191  4.28953273E-06
  86.1999969  1.15183E-06  3.66247406  4.2185475E-06
  86.3000031  1.13088E-06  3.66855698  4.14869771E-06
  86.4000015  1.11031E-06  3.67463913  4.07998857E-06
  86.5  1.09012E-06  3.68072166  4.0124283E-06
  86.5999985  1.0703E-06  3.68680382  3.94598613E-06
  86.6999969  1.05083E-06  3.69288635  3.88059577E-06
  86.8000031  1.03172E-06  3.69896927  3.81630057E-06
  86.9000015  1.01296E-06  3.70505142  3.75306889E-06
  87.  9.94541E-07  3.71113434  3.69087526E-06
  87.0999985  9.76458E-07  3.71721649  3.62970578E-06
  87.1999969  9.587E-07  3.72329903  3.56952678E-06
  87.3000031  9.41268E-07  3.72938156  3.51034752E-06
  87.4000015  9.24152E-07  3.7354641  3.45213662E-06
  87.5  9.07348E-07  3.74154663  3.39488485E-06
  87.5999985  8.90848E-07  3.74762878  3.33856761E-06
  87.6999969  8.74652E-07  3.75371132  3.28319111E-06
  87.8000031  8.58748E-07  3.75979424  3.22871578E-06
  87.9000015  8.43134E-07  3.76587677  3.17513874E-06
  88.  8.27803E-07  3.77195892  3.12243891E-06
  88.0999985  8.12752E-07  3.77804108  3.07061044E-06
  88.1999969  7.97973E-07  3.78412323  3.01962817E-06
  88.3000031  7.83466E-07  3.79020615  2.96949765E-06
  88.4000015  7.6922E-07  3.79628868  2.92018118E-06
  88.5  7.55235E-07  3.80237122  2.87168383E-06
  88.5999985  7.41501E-07  3.80845337  2.82397198E-06
  88.6999969  7.2802E-07  3.8145359  2.77705843E-06
  88.8000031  7.14785E-07  3.82061882  2.73092102E-06
  88.9000015  7.0179E-07  3.82670135  2.68554074E-06
  89.  6.89031E-07  3.83278351  2.64090665E-06
  89.0999985  6.76502E-07  3.83886604  2.59700056E-06
  89.1999969  6.64203E-07  3.8449482  2.55382613E-06
  89.3000031  6.52127E-07  3.85103111  2.51136137E-06
  89.4000015  6.40274E-07  3.85711365  2.46960958E-06
  89.5  6.28632E-07  3.8631958  2.4285285E-06
  89.5999985  6.17203E-07  3.86927834  2.3881302E-06
  89.6999969  6.05983E-07  3.87536087  2.34840281E-06
  89.8000031  5.94966E-07  3.88144341  2.30932686E-06
  89.9000015  5.8415E-07  3.88752594  2.27089828E-06
  90.  5.7353E-07  3.89360809  2.23310105E-06
  90.0999985  5.63103E-07  3.89969063  2.19592749E-06
  90.1999969  5.52868E-07  3.90577316  2.159377E-06
  90.3000031  5.42817E-07  3.9118557  2.12342177E-06
  90.4000015  5.3295E-07  3.91793823  2.08806518E-06
  90.5  5.2326E-07  3.92402039  2.05328291E-06
  90.5999985  5.13748E-07  3.93010292  2.01908252E-06
  90.6999969  5.04408E-07  3.93618546  1.98544343E-06
  90.8000031  4.95238E-07  3.94226837  1.9523611E-06
  90.9000015  4.86236E-07  3.94835091  1.91983035E-06
  91.  4.77396E-07  3.95443306  1.88783052E-06
  91.0999985  4.68719E-07  3.96051521  1.85636873E-06
  91.1999969  4.60199E-07  3.96659775  1.82542432E-06
  91.3000031  4.51832E-07  3.97268066  1.79498425E-06
  91.4000015  4.43621E-07  3.9787632  1.76506291E-06
  91.5  4.35554E-07  3.98484535  1.73561533E-06
  91.5999985  4.27637E-07  3.99092751  1.70666827E-06
  91.6999969  4.19864E-07  3.99701004  1.67820062E-06
  91.8000031  4.12231E-07  4.00309296  1.65019901E-06
  91.9000015  4.04738E-07  4.00917549  1.62266567E-06
  92.  3.9738E-07  4.01525764  1.59558308E-06
  92.0999985  3.90159E-07  4.02134018  1.56896206E-06
  92.1999969  3.83065E-07  4.02742271  1.54276468E-06
  92.3000031  3.76103E-07  4.03350563  1.51701357E-06
  92.4000015  3.69267E-07  4.03958778  1.49168646E-06
  92.5  3.62554E-07  4.04566994  1.46677382E-06
  92.5999985  3.55964E-07  4.05175247  1.44227802E-06
  92.6999969  3.49494E-07  4.05783463  1.41818885E-06
  92.8000031  3.4314E-07  4.06391792  1.3944928E-06
  92.9000015  3.36904E-07  4.07000008  1.37119931E-06
  93.  3.30779E-07  4.07594604  1.34823736E-06
  93.0999985  3.24766E-07  4.08189163  1.32565962E-06
  93.1999969  3.18865E-07  4.0878376  1.30346834E-06
  93.3000031  3.13068E-07  4.09378357  1.28163263E-06
  93.4000015  3.07377E-07  4.09972954  1.26016257E-06
  93.5  3.0179E-07  4.10567589  1.23905193E-06
  93.5999985  2.96305E-07  4.11162186  1.21829411E-06
  93.6999969  2.90919E-07  4.11756744  1.1978786E-06
  93.8000031  2.8563E-07  4.12351341  1.17779914E-06
  93.9000015  2.80439E-07  4.12945938  1.15806146E-06
  94.  2.75342E-07  4.13540535  1.13865078E-06
  94.0999985  2.70338E-07  4.14135132  1.11956463E-06
  94.1999969  2.65424E-07  4.14729691  1.10079213E-06
  94.3000031  2.60598E-07  4.15324326  1.08232689E-06
  94.4000015  2.55863E-07  4.15918922  1.06418263E-06
  94.5  2.51212E-07  4.16513481  1.04633185E-06
  94.5999985  2.46646E-07  4.17108116  1.02878048E-06
  94.6999969  2.42163E-07  4.17702675  1.01152133E-06
  94.8000031  2.37761E-07  4.18297348  9.94547958E-07
  94.9000015  2.3344E-07  4.18891907  9.77861267E-07
  95.  2.29196E-07  4.19486465  9.61446199E-07
  95.0999985  2.2503E-07  4.20081062  9.45308415E-07
  95.1999969  2.2094E-07  4.20675659  9.29440801E-07
  95.3000031  2.16925E-07  4.21270294  9.13840586E-07
  95.4000015  2.12982E-07  4.21864853  8.98496201E-07
  95.5  2.0911E-07  4.22459488  8.83405035E-07
  95.5999985  2.05309E-07  4.23054047  8.68568033E-07
  95.6999969  2.01578E-07  4.23648605  8.53982386E-07
  95.8000031  1.97914E-07  4.2424324  8.39636767E-07
  95.9000015  1.94317E-07  4.24837837  8.2553214E-07
  96.  1.90785E-07  4.25432434  8.11661269E-07
  96.0999985  1.87317E-07  4.26026993  7.98020982E-07
  96.1999969  1.83912E-07  4.26621628  7.84608368E-07
  96.3000031  1.8057E-07  4.27216225  7.71424337E-07
  96.4000015  1.77287E-07  4.27810822  7.58452971E-07
  96.5  1.74065E-07  4.2840538  7.45703825E-07
  96.5999985  1.70901E-07  4.28999977  7.33165251E-07
  96.6999969  1.67795E-07  4.29594574  7.20838215E-07
  96.8000031  1.64745E-07  4.30189209  7.08715212E-07
  96.9000015  1.61751E-07  4.30783806  6.96797114E-07
  97.  1.58811E-07  4.31378403  6.85076355E-07
  97.0999985  1.55924E-07  4.31972961  6.7354952E-07
  97.1999969  1.5309E-07  4.3256752  6.62217617E-07
  97.3000031  1.50307E-07  4.33162155  6.51073041E-07
  97.4000015  1.47575E-07  4.3375679  6.40116583E-07
  97.5  1.44893E-07  4.34351349  6.293447E-07
  97.5999985  1.42259E-07  4.34945946  6.18749753E-07
  97.6999969  1.39674E-07  4.35540543  6.08336897E-07
  97.8000031  1.37135E-07  4.36135139  5.98093924E-07
  97.9000015  1.34642E-07  4.36729736  5.88021652E-07
  98.  1.32195E-07  4.37324295  5.78120852E-07
  98.0999985  1.29792E-07  4.3791893  5.68383738E-07
  98.1999969  1.27433E-07  4.38513489  5.58810894E-07
  98.3000031  1.25117E-07  4.39108124  5.49398911E-07
  98.4000015  1.22843E-07  4.39702682  5.40143966E-07
  98.5  1.2061E-07  4.40297318  5.31042595E-07
  98.5999985  1.18417E-07  4.40891876  5.22090933E-07
  98.6999969  1.16265E-07  4.41486435  5.13294204E-07
  98.8000031  1.14152E-07  4.4208107  5.04644383E-07
  98.9000015  1.12077E-07  4.42675705  4.9613765E-07
  99.  1.10039E-07  4.43270264  4.87770165E-07
  99.0999985  1.08039E-07  4.43864822  4.79547115E-07
  99.1999969  1.06075E-07  4.44459457  4.71460369E-07
  99.3000031  1.04147E-07  4.45054092  4.63510486E-07
  99.4000015  1.02254E-07  4.45648651  4.55693572E-07
  99.5  1.00395E-07  4.4624321  4.48005871E-07
  99.5999985  9.85706E-08  4.46837845  4.40450745E-07
  99.6999969  9.67789E-08  4.47432404  4.33020158E-07
  99.8000031  9.50197E-08  4.48027039  4.25713948E-07
  99.9000015  9.32926E-08  4.48621635  4.18530788E-07
  100.  9.15966E-08  4.49216232  4.11466795E-07
  100.099998  8.99316E-08  4.49810791  4.04522041E-07
  100.199997  8.8297E-08  4.50405388  3.97694445E-07
  100.300003  8.66919E-08  4.50999985  3.90980456E-07
  100.400002  8.51162E-08  4.5159462  3.8438018E-07
  100.5  8.35687E-08  4.52189178  3.77888618E-07
  100.599998  8.20496E-08  4.52783775  3.71507277E-07
  100.699997  8.05583E-08  4.53378372  3.65233909E-07
  100.800003  7.90938E-08  4.53973007  3.59064502E-07
  100.900002  7.76561E-08  4.54567566  3.52999444E-07
  101.  7.62446E-08  4.55162163  3.4703657E-07
  101.099998  7.48586E-08  4.5575676  3.4117313E-07
  101.199997  7.34978E-08  4.56351318  3.35408179E-07
  101.300003  7.21616E-08  4.56945953  3.29739511E-07
