  0.5  0.0158489  0.  0.
  0.600000024  0.0251189  0.  0.
  0.699999988  0.0398107  0.  0.
  0.800000012  0.0630957  0.  0.
  0.899999976  0.1  0.  0.
  1.  0.158489  0.  0.
  1.10000002  0.17378  0.  0.
  1.20000005  0.190546  0.  0.
  1.29999995  0.20893  0.  0.
  1.39999998  0.229087  0.  0.
  1.5  0.251189  0.  0.
  1.60000002  0.275423  0.  0.
  1.70000005  0.301995  0.  0.
  1.79999995  0.331131  0.  0.
  1.89999998  0.363078  0.  0.
  2.  0.398107  0.  0.
  2.0999999  0.412098  0.  0.
  2.20000005  0.42658  0.  0.
  2.29999995  0.44157  0.  0.
  2.4000001  0.457088  0.  0.
  2.5  0.473151  0.  0.
  2.5999999  0.489779  0.  0.
  2.70000005  0.506991  0.  0.
  2.79999995  0.524807  0.  0.
  2.9000001  0.54325  0.  0.
  3.  0.562341  0.  0.
  3.0999999  0.566239  0.  0.
  3.20000005  0.570164  0.  0.
  3.29999995  0.574116  0.00372000001  0.00213571153
  3.4000001  0.578096  0.00409777798  0.00236890906
  3.5  0.582103  0.00448731668  0.0026120805
  3.5999999  0.586138  0.00492390171  0.0028860859
  3.70000005  0.590201  0.00536048785  0.00316376529
  3.79999995  0.594292  0.0057970725  0.00344515381
  3.9000001  0.598412  0.00624340922  0.003736131
  4.  0.60256  0.00677749962  0.00408385017
  4.0999999  0.599791  0.00731159002  0.00438542589
  4.19999981  0.597035  0.00784568116  0.00468414625
  4.30000019  0.594292  0.00837977454  0.00498003297
  4.4000001  0.591562  0.00896000043  0.00530039577
  4.5  0.588844  0.00955999941  0.00562934829
  4.5999999  0.586138  0.0101599991  0.00595516157
  4.69999981  0.583445  0.0107599981  0.0062778671
  4.80000019  0.580764  0.0113600001  0.00659747908
  4.9000001  0.578096  0.0120178565  0.00694747479
  5.  0.57544  0.0127142847  0.00731630796
  5.0999999  0.570164  0.0134107128  0.00764630564
  5.19999981  0.564937  0.0141071409  0.00796964586
  5.30000019  0.559758  0.014803572  0.00828641786
  5.4000001  0.554626  0.0155000001  0.00859670307
  5.5  0.549541  0.016306451  0.00896106337
  5.5999999  0.544503  0.0171129018  0.00931802637
  5.69999981  0.539511  0.0179193527  0.00966768787
  5.80000019  0.534564  0.018725808  0.0100101428
  5.9000001  0.529663  0.0195322588  0.0103455148
  6.  0.524807  0.0203387097  0.0106738972
  6.0999999  0.517607  0.0212314278  0.0109895356
  6.19999981  0.510505  0.0221457139  0.0113054977
  6.30000019  0.503501  0.0230600014  0.0116107338
  6.4000001  0.496592  0.0239742875  0.0119054394
  6.5  0.489779  0.0248885721  0.0121899
  6.5999999  0.483059  0.0258028567  0.0124643021
  6.69999981  0.476431  0.0267171413  0.0127288743
  6.80000019  0.469894  0.0277311742  0.0130307124
  6.9000001  0.463447  0.0287701339  0.0133334322
  7.  0.457088  0.0298090935  0.0136253789
  7.0999999  0.44978  0.0308480501  0.013874836
  7.19999981  0.442588  0.0318870127  0.0141128092
  7.30000019  0.435512  0.0329259783  0.0143396587
  7.4000001  0.428549  0.0339649409  0.0145556415
  7.5  0.421697  0.035017243  0.0147666663
  7.5999999  0.414954  0.0361896574  0.0150170431
  7.69999981  0.408319  0.0373620689  0.0152556426
  7.80000019  0.401791  0.0385344863  0.0154828098
  7.9000001  0.395367  0.0397069007  0.0156987982
  8.  0.389045  0.0408793122  0.015903892
  8.10000038  0.381944  0.0420517325  0.0160614069
  8.19999981  0.374973  0.043224138  0.0162078847
  8.30000019  0.368129  0.0443965584  0.0163436606
  8.39999962  0.36141  0.0456106365  0.0164841401
  8.5  0.354813  0.0468872368  0.0166362012
  8.60000038  0.348337  0.0481638372  0.0167772466
  8.69999981  0.341979  0.0494404227  0.0169075863
  8.80000019  0.335738  0.050717026  0.0170276329
  8.89999962  0.32961  0.0520813644  0.0171665385
  9.  0.323594  0.0534833312  0.0173068851
  9.10000038  0.317687  0.0548852921  0.0174363438
  9.19999981  0.311889  0.0562872529  0.017555375
  9.30000019  0.306196  0.0576892138  0.0176642065
  9.39999962  0.300608  0.0590911686  0.017763278
  9.5  0.295121  0.0604931295  0.0178527929
  9.60000038  0.289734  0.0618950963  0.0179331138
  9.69999981  0.284446  0.0632970512  0.018004593
  9.80000019  0.279254  0.064699018  0.0180674596
  9.89999962  0.274157  0.0661738992  0.0181420377
  10.  0.269153  0.0677217364  0.0182275085
  10.1000004  0.264241  0.0692695677  0.0183038598
  10.1999998  0.259418  0.0708173871  0.0183713049
  10.3000002  0.254683  0.0723652124  0.0184301894
  10.3999996  0.250035  0.0739130318  0.0184808449
  10.5  0.245471  0.0754608691  0.018523455
  10.6000004  0.240991  0.0770087004  0.0185584037
  10.6999998  0.236592  0.0785565138  0.0185858427
  10.8000002  0.232274  0.080104351  0.018606158
  10.8999996  0.228034  0.0816521704  0.018619471
  11.  0.223872  0.0832000017  0.0186261508
  11.1000004  0.218776  0.0848769307  0.0185690354
  11.1999998  0.213796  0.0865538478  0.0185048664
  11.3000002  0.20893  0.0882307708  0.0184340549
  11.3999996  0.204174  0.0899076879  0.0183568123
  11.5  0.199526  0.0915846169  0.0182735123
  11.6000004  0.194984  0.0932615399  0.0181845081
  11.6999998  0.190546  0.094938457  0.0180901432
  11.8000002  0.186209  0.096615386  0.0179906544
  11.8999996  0.18197  0.0982922971  0.0178862493
  12.  0.177828  0.0999692261  0.0177773275
  12.1000004  0.174181  0.101646161  0.01770483
  12.1999998  0.170608  0.103323066  0.0176277417
  12.3000002  0.167109  0.104999995  0.0175464442
  12.3999996  0.163682  0.106999981  0.017513971
  12.5  0.160325  0.108999991  0.0174754236
  12.6000004  0.157036  0.111000001  0.0174309962
  12.6999998  0.153815  0.112999988  0.0173810931
  12.8000002  0.150661  0.11500001  0.0173260164
  12.8999996  0.147571  0.116999996  0.0172658064
  13.  0.144544  0.119000006  0.0172007368
  13.1000004  0.141579  0.121000004  0.0171310595
  13.1999998  0.138676  0.123000002  0.0170571483
  13.3000002  0.135831  0.125  0.016978875
  13.3999996  0.133045  0.126999998  0.0168967147
  13.5  0.130317  0.128999996  0.0168108925
  13.6000004  0.127644  0.131000018  0.0167213663
  13.6999998  0.125026  0.133000004  0.0166284585
  13.8000002  0.122462  0.135125005  0.0165476784
  13.8999996  0.11995  0.137249994  0.0164631368
  14.  0.11749  0.139375007  0.0163751696
  14.1000004  0.11508  0.14150002  0.0162838223
  14.1999998  0.11272  0.143624997  0.0161894097
  14.3000002  0.110408  0.14575001  0.0160919671
  14.3999996  0.108143  0.147874999  0.015991646
  14.5  0.105925  0.15  0.01588875
  14.6000004  0.103753  0.152125013  0.0157834265
  14.6999998  0.101625  0.154250002  0.0156756564
  14.8000002  0.0995405  0.156375003  0.015565646
  14.8999996  0.097499  0.15849998  0.0154535895
  15.  0.0954993  0.160624993  0.0153395744
  15.1000004  0.0935406  0.162750006  0.0152237332
  15.1999998  0.0916221  0.164874995  0.0151061933
  15.3000002  0.0897429  0.166999996  0.0149870639
  15.3999996  0.0879023  0.169470572  0.0148968531
  15.5  0.0860994  0.171941173  0.0148040318
  15.6000004  0.0843335  0.174411762  0.0147087543
  15.6999998  0.0826038  0.176882339  0.0146111533
  15.8000002  0.0809096  0.179352939  0.0145113746
  15.8999996  0.0792501  0.181823516  0.0144095318
  16.  0.0776247  0.184294105  0.0143057746
  16.1000004  0.0760326  0.186764705  0.0142002061
  16.2000008  0.0744732  0.189235306  0.0140929588
  16.2999992  0.0729458  0.191705847  0.0139841364
  16.3999996  0.0714496  0.194176447  0.0138738295
  16.5  0.0699842  0.196647048  0.0137621863
  16.6000004  0.0685488  0.199117649  0.0136492759
  16.7000008  0.0671429  0.201588249  0.0135352197
  16.7999992  0.0657658  0.20405879  0.0134200896
  16.8999996  0.0644169  0.206529403  0.0133039839
  17.  0.0630957  0.208999991  0.0131870008
  17.1000004  0.0616595  0.211599994  0.0130471498
  17.2000008  0.060256  0.21420002  0.0129068364
  17.2999992  0.0588844  0.216799974  0.0127661364
  17.3999996  0.057544  0.219399977  0.0126251523
  17.5  0.0562341  0.221999979  0.012483969
  17.6000004  0.0549541  0.224600005  0.0123426911
  17.7000008  0.0537032  0.227200007  0.0122013674
  17.7999992  0.0524807  0.229799986  0.0120600641
  17.8999996  0.0512861  0.232399988  0.011918889
  18.  0.0501187  0.23499999  0.011777894
  18.1000004  0.0489779  0.237599993  0.0116371487
  18.2000008  0.047863  0.240200019  0.0114966935
  18.2999992  0.0467735  0.242799973  0.0113566046
  18.3999996  0.0457088  0.245399976  0.0112169384
  18.5  0.0446684  0.248000002  0.0110777633
  18.6000004  0.0436516  0.25059998  0.0109390901
  18.7000008  0.042658  0.253200006  0.0108010059
  18.7999992  0.0416869  0.255799985  0.0106635084
  18.8999996  0.040738  0.258399963  0.0105266977
  19.  0.0398107  0.26099999  0.0103905923
  19.1000004  0.0389045  0.263863659  0.0102654837
  19.2000008  0.0380189  0.266727257  0.0101406769
  19.2999992  0.0371535  0.269590855  0.0100162438
  19.3999996  0.0363078  0.272454524  0.00989222437
  19.5  0.0354813  0.27531817  0.00976864657
  19.6000004  0.0346737  0.278181791  0.00964559198
  19.7000008  0.0338844  0.281045485  0.00952305762
  19.7999992  0.0331131  0.283909059  0.00940110905
  19.8999996  0.0323594  0.28677268  0.00927979187
  20.  0.0316228  0.28963635  0.00915911236
  20.1000004  0.0309742  0.292499995  0.00905995335
  20.2000008  0.0303389  0.295363641  0.00896100796
  20.2999992  0.0297167  0.298227239  0.00886232938
  20.3999996  0.0291072  0.301090884  0.00876391258
  20.5  0.0285102  0.30395453  0.00866580443
  20.6000004  0.0279254  0.306818175  0.00856802027
  20.7000008  0.0273527  0.309681821  0.00847063394
  20.7999992  0.0267917  0.312545395  0.00837362246
  20.8999996  0.0262422  0.315409064  0.00827702775
  21.  0.025704  0.318272686  0.00818088112
  21.1000004  0.0251189  0.321136355  0.008066592
  21.2000008  0.0245471  0.324000001  0.00795326042
  21.2999992  0.0239883  0.327208304  0.00784917097
  21.3999996  0.0234423  0.330416632  0.00774572581
  21.5  0.0229087  0.333624983  0.00764291464
  21.6000004  0.0223872  0.336833334  0.00754075521
  21.7000008  0.0218776  0.340041661  0.00743929545
  21.7999992  0.0213796  0.343249965  0.00733854695
  21.8999996  0.020893  0.346458292  0.00723855309
  22.  0.0204174  0.349666643  0.00713928372
  22.1000004  0.0199526  0.352874994  0.00704077361
  22.2000008  0.0194984  0.356083345  0.0069430555
  22.2999992  0.0190546  0.359291649  0.00684615865
  22.3999996  0.0186209  0.362499952  0.00675007536
  22.5  0.018197  0.365708351  0.00665479487
  22.6000004  0.0177828  0.368916655  0.00656037109
  22.7000008  0.017378  0.37212503  0.00646678876
  22.7999992  0.0169824  0.375333309  0.00637406039
  22.8999996  0.0165959  0.37854166  0.00628223954
  23.  0.0162181  0.381750011  0.00619125986
  23.1000004  0.0158855  0.384958363  0.00611525607
  23.2000008  0.0155597  0.38816669  0.00603975724
  23.2999992  0.0152405  0.391374993  0.00596475059
  23.3999996  0.0149279  0.394583344  0.00589030071
  23.5  0.0146218  0.397791672  0.00581643027
  23.6000004  0.0143219  0.401000023  0.00574308223
  23.7000008  0.0140281  0.404357195  0.00567236317
  23.7999992  0.0137404  0.407714272  0.00560215718
  23.8999996  0.0134586  0.411071396  0.00553244549
  24.  0.0131826  0.414428568  0.00546324604
  24.1000004  0.0129122  0.41778574  0.00539453303
  24.2000008  0.0126474  0.421142864  0.00532636226
  24.2999992  0.012388  0.424499989  0.00525870586
  24.3999996  0.0121339  0.427857113  0.00519157542
  24.5  0.011885  0.431214285  0.00512498178
  24.6000004  0.0116413  0.434571457  0.0050589767
  24.7000008  0.0114025  0.437928581  0.00499348065
  24.7999992  0.0111686  0.441285706  0.00492854353
  24.8999996  0.0109396  0.44464283  0.0048642147
  25.  0.0107152  0.448000002  0.00480040962
  25.1000004  0.0104954  0.451357174  0.00473717408
  25.2000008  0.0102802  0.454714298  0.00467455393
  25.2999992  0.0100693  0.458071423  0.00461245858
  25.3999996  0.00986279  0.461428547  0.00455097286
  25.5  0.00966051  0.464785719  0.00449006709
  25.6000004  0.00946237  0.468142891  0.00442974125
  25.7000008  0.0092683  0.471500015  0.00437000359
  25.7999992  0.0090782  0.47485714  0.00431084808
  25.8999996  0.00889201  0.478214264  0.00425228602
  26.  0.00870964  0.481571436  0.00419431384
  26.1000004  0.00851138  0.484928608  0.00412741166
  26.2000008  0.00831764  0.488285732  0.00406138494
  26.2999992  0.00812831  0.491642857  0.00399622555
  26.3999996  0.00794328  0.494999981  0.00393192345
  26.5  0.00776247  0.498890638  0.00387262361
  26.6000004  0.00758578  0.502781296  0.0038139883
  26.7000008  0.0074131  0.506671906  0.0037560095
  26.7999992  0.00724436  0.510562468  0.00369869832
  26.8999996  0.00707946  0.514453125  0.00364205032
  27.  0.00691831  0.518343782  0.00358606297
  27.1000004  0.00677642  0.522234392  0.00353887958
  27.2000008  0.00663743  0.526125002  0.00349211787
  27.2999992  0.0065013  0.530015564  0.00344579019
  27.3999996  0.00636795  0.533906269  0.00339988843
  27.5  0.00623735  0.537796879  0.00335442736
  27.6000004  0.00610942  0.541687536  0.00330939667
  27.7000008  0.00598412  0.545578194  0.00326480538
  27.7999992  0.00586138  0.549468756  0.00322064518
  27.8999996  0.00574117  0.553359365  0.00317693019
  28.  0.00562341  0.557250023  0.00313364535
  28.1000004  0.00550808  0.561140633  0.0030908075
  28.2000008  0.00539511  0.56503129  0.00304840596
  28.2999992  0.00528445  0.568921852  0.00300643908
  28.3999996  0.00517607  0.57281251  0.00296491765
  28.5  0.00506991  0.576703167  0.00292383315
  28.6000004  0.00496592  0.580593777  0.00288318225
  28.7000008  0.00486407  0.584484386  0.00284297297
  28.7999992  0.00476431  0.588374996  0.00280320088
  28.8999996  0.00466659  0.592265606  0.00276386075
  29.  0.00457088  0.596156263  0.00272495874
  29.1000004  0.00447713  0.600046921  0.00268648807
  29.2000008  0.00438531  0.603937531  0.00264845329
  29.2999992  0.00429536  0.60782814  0.00261084068
  29.3999996  0.00420727  0.61171875  0.00257366595
  29.5  0.00412098  0.61560936  0.00253691386
  29.6000004  0.00403645  0.619500065  0.00250058104
  29.7000008  0.00395367  0.623390675  0.00246468101
  29.7999992  0.00387258  0.627281284  0.00242919696
  29.8999996  0.00379315  0.631171894  0.00239412967
  30.  0.00371535  0.635062504  0.00235947947
  30.1000004  0.00363915  0.638953161  0.0023252464
  30.2000008  0.00356451  0.642843819  0.00229142322
  30.2999992  0.0034914  0.646734381  0.00225800842
  30.3999996  0.00341979  0.650625038  0.002225001
  30.5  0.00334966  0.654515648  0.00219240489
  30.6000004  0.00328095  0.658406305  0.00216019817
  30.7000008  0.00321366  0.662296915  0.0021283971
  30.7999992  0.00314775  0.666187525  0.00209699178
  30.8999996  0.00308319  0.670078135  0.0020659782
  31.  0.00301995  0.673968792  0.00203535205
  31.1000004  0.00295121  0.677859402  0.00200050544
  31.2000008  0.00288403  0.681750059  0.00196618762
  31.2999992  0.00281838  0.685640621  0.00193239581
  31.3999996  0.00275423  0.689531279  0.00189912773
  31.5  0.00269154  0.693421936  0.00186637288
  31.6000004  0.00263027  0.697312546  0.00183412027
  31.7000008  0.0025704  0.701203203  0.00180237271
  31.7999992  0.00251189  0.705093765  0.00177111798
  31.8999996  0.00245471  0.708984423  0.00174035115
  32.  0.00239883  0.712874985  0.0017100659
  32.0999985  0.00234963  0.716765594  0.00168413394
  32.2000008  0.00230144  0.7206563  0.00165854723
  32.2999992  0.00225424  0.724546862  0.00163330252
  32.4000015  0.00220801  0.728437614  0.00160839754
  32.5  0.00216272  0.732328176  0.00158382079
  32.5999985  0.00211836  0.736218691  0.00155957623
  32.7000008  0.00207491  0.740109444  0.00153566049
  32.7999992  0.00203236  0.744000006  0.00151207585
  32.9000015  0.00199067  0.748315907  0.00148965003
  33.  0.00194984  0.752631617  0.00146751123
  33.0999985  0.00190985  0.756947327  0.00144565585
  33.2000008  0.00187068  0.761263227  0.00142407989
  33.2999992  0.00183231  0.765578938  0.00140277794
  33.4000015  0.00179473  0.769894838  0.00138175336
  33.5  0.00175792  0.774210548  0.00136100021
  33.5999985  0.00172187  0.778526306  0.00134052109
  33.7000008  0.00168655  0.782842159  0.00132030244
  33.7999992  0.00165196  0.787157869  0.00130035331
  33.9000015  0.00161808  0.79147377  0.00128066788
  34.  0.00158489  0.795789528  0.00126123886
  34.0999985  0.00154882  0.80010519  0.00123921892
  34.2000008  0.00151356  0.804421139  0.00121753966
  34.2999992  0.00147911  0.808736897  0.00119621083
  34.4000015  0.00144544  0.81305275  0.00117521897
  34.5  0.00141254  0.817368507  0.00115456571
  34.5999985  0.00138038  0.821684265  0.00113423653
  34.7000008  0.00134896  0.826000023  0.00111424099
  34.7999992  0.00131826  0.830315781  0.00109457208
  34.9000015  0.00128825  0.834631729  0.00107521433
  35.  0.00125893  0.838947392  0.00105617604
  35.0999985  0.00123311  0.843263149  0.00103983622
  35.2000008  0.00120781  0.847579002  0.00102371439
  35.2999992  0.00118304  0.85189476  0.00100782558
  35.4000015  0.00115878  0.856210613  0.000992159734
  35.5  0.00113501  0.860526371  0.000976706036
  35.5999985  0.00111173  0.864842033  0.000961470834
  35.7000008  0.00108893  0.869157982  0.000946452201
  35.7999992  0.0010666  0.87347374  0.000931647091
  35.9000015  0.00104472  0.877789593  0.000917044343
  36.  0.00102329  0.882105255  0.000902649487
  36.0999985  0.000993247  0.886421013  0.000880435012
  36.2000008  0.000972253  0.890736961  0.000866021683
  36.2999992  0.000951704  0.895052624  0.000851825162
  36.4000015  0.000931588  0.899368572  0.000837840969
  36.5  0.000911897  0.903684235  0.000824066942
  36.5999985  0.000892623  0.907999992  0.000810501677
  36.7000008  0.000873756  0.912465191  0.000797271935
  36.7999992  0.000855288  0.916930199  0.000784239396
  36.9000015  0.00083721  0.921395493  0.00077140152
  37.  0.000819515  0.9258605  0.000758756568
  37.0999985  0.000802193  0.930325508  0.00074630061
  37.2000008  0.000785238  0.934790802  0.00073403326
  37.2999992  0.000768641  0.93925581  0.000721950525
  37.4000015  0.000752394  0.943721104  0.000710050096
  37.5  0.000736491  0.948186111  0.000698330537
  37.5999985  0.000720924  0.952651119  0.000686789055
  37.7000008  0.000705687  0.957116318  0.000675424543
  37.7999992  0.000690771  0.961581326  0.000664232494
  37.9000015  0.000676171  0.966046524  0.000653212644
  38.  0.000661879  0.970511627  0.000642361265
  38.0999985  0.000647889  0.97497673  0.000631676699
  38.2000008  0.000634195  0.979441833  0.000621157114
  38.2999992  0.000620791  0.983906937  0.000610800571
  38.4000015  0.000607669  0.988372135  0.000600603107
  38.5  0.000594825  0.992837238  0.00059056441
  38.5999985  0.000582253  0.997302246  0.000580682225
  38.7000008  0.000569946  1.00176754  0.000570953402
  38.7999992  0.0005579  1.00623245  0.000561377085
  38.9000015  0.000546107  1.01069775  0.000551949114
  39.  0.000534565  1.01516275  0.000542670478
  39.0999985  0.000523266  1.01962776  0.00053353654
  39.2000008  0.000512206  1.02409306  0.000524546608
  39.2999992  0.00050138  1.02855806  0.000515698442
  39.4000015  0.000490782  1.03302326  0.000506989223
  39.5  0.000480409  1.03748837  0.000498418748
  39.5999985  0.000470255  1.04195337  0.000489983783
  39.7000008  0.000460315  1.04641857  0.000481682165
  39.7999992  0.000450586  1.05088367  0.000473513471
  39.9000015  0.000441062  1.05534878  0.000465474243
  40.  0.00043174  1.05981388  0.000457564045
  40.0999985  0.000422614  1.06427889  0.000449779158
  40.2000008  0.000413682  1.06874409  0.000442120191
  40.2999992  0.000404938  1.07320919  0.000434583183
  40.4000015  0.000396379  1.07767448  0.000427167534
  40.5  0.000388001  1.08213949  0.000419871205
  40.5999985  0.0003798  1.0866045  0.000412692389
  40.7000008  0.000371773  1.09106979  0.00040563029
  40.7999992  0.000363914  1.0955348  0.000398680452
  40.9000015  0.000356223  1.1  0.0003918453
  41.  0.000348694  1.10478258  0.000385231057
  41.0999985  0.000341323  1.10956507  0.000378720077
  41.2000008  0.000334109  1.11434774  0.00037231361
  41.2999992  0.000327047  1.11913033  0.000366008216
  41.4000015  0.000320135  1.1239131  0.000359803919
  41.5  0.000313368  1.12869558  0.000353697078
  41.5999985  0.000306744  1.13347816  0.000347687626
  41.7000008  0.000300261  1.13826084  0.000341775338
  41.7999992  0.000293915  1.14304333  0.00033595758
  41.9000015  0.000287702  1.14782619  0.000330231892
  42.  0.000281621  1.15260868  0.000324598809
  42.0999985  0.000275669  1.15739117  0.000319056866
  42.2000008  0.000269842  1.16217384  0.000313603314
  42.2999992  0.000264139  1.16695652  0.000308238728
  42.4000015  0.000258556  1.1717392  0.0003029602
  42.5  0.000253091  1.17652178  0.000297767073
  42.5999985  0.000247741  1.18130417  0.000292657476
  42.7000008  0.000242505  1.18608694  0.000287632014
  42.7999992  0.000237379  1.19086952  0.000282687416
  42.9000015  0.000232362  1.1956522  0.000277824136
  43.  0.000227451  1.20043478  0.000273040091
  43.0999985  0.000222643  1.20521727  0.000268333188
  43.2000008  0.000217937  1.21000004  0.000263703778
  43.2999992  0.000213331  1.21520004  0.00025923984
  43.4000015  0.000208822  1.22040005  0.000254846379
  43.5  0.000204408  1.22560005  0.000250522455
  43.5999985  0.000200087  1.23079987  0.000246267053
  43.7000008  0.000195858  1.23600006  0.0002420805
  43.7999992  0.000191719  1.24119987  0.000237961599
  43.9000015  0.000187666  1.24640007  0.000233906916
  44.  0.0001837  1.25159998  0.000229918916
  44.0999985  0.000179817  1.25679989  0.000225993986
  44.2000008  0.000176016  1.26200008  0.000222132207
  44.2999992  0.000172296  1.26719999  0.00021833349
  44.4000015  0.000168654  1.27240009  0.000214595365
  44.5  0.00016509  1.27759991  0.000210918969
  44.5999985  0.0001616  1.28279991  0.000207300466
  44.7000008  0.000158185  1.28800011  0.000203742297
  44.7999992  0.000154841  1.29319992  0.000200240369
  44.9000015  0.000151568  1.29840012  0.000196795909
  45.  0.000148365  1.30359993  0.000193408604
  45.0999985  0.000145229  1.30879993  0.000190075706
  45.2000008  0.000142159  1.31400013  0.000186796944
  45.2999992  0.000139155  1.31919994  0.000183573268
  45.4000015  0.000136213  1.32439995  0.00018040049
  45.5  0.000133334  1.32959995  0.00017728088
  45.5999985  0.000130516  1.33479986  0.000174212739
  45.7000008  0.000127757  1.33999996  0.000171194375
  45.7999992  0.000125057  1.34519997  0.000168226672
  45.9000015  0.000122414  1.35040007  0.000165307874
  46.  0.000119826  1.35559998  0.000162436123
  46.0999985  0.000117294  1.36079988  0.000159613662
  46.2000008  0.000114815  1.36599998  0.000156837288
  46.2999992  0.000112388  1.37119999  0.000154106424
  46.4000015  0.000110012  1.37639999  0.000151420516
  46.5  0.000107687  1.3816  0.000148780359
  46.5999985  0.000105411  1.38679981  0.000146183955
  46.7000008  0.000103183  1.39200001  0.000143630737
  46.7999992  0.000101002  1.39719992  0.000141119986
  46.9000015  9.88671E-05  1.40240002  0.000138651223
  47.  9.67774E-05  1.40760002  0.00013622387
  47.0999985  9.47319E-05  1.41279984  0.000133837213
  47.2000008  9.27296E-05  1.41800003  0.000131490576
  47.2999992  9.07697E-05  1.42319984  0.000129183423
  47.4000015  8.88511E-05  1.42840004  0.000126914915
  47.5  8.69731E-05  1.43359995  0.000124684632
  47.5999985  8.51348E-05  1.43879986  0.000122491938
  47.7000008  8.33354E-05  1.44399996  0.000120336314
  47.7999992  8.15739E-05  1.44919987  0.000118216885
  47.9000015  7.98497E-05  1.45440006  0.000116133409
  48.  7.81621E-05  1.45959997  0.000114085399
  48.0999985  7.651E-05  1.46479988  0.000112071839
  48.2000008  7.48928E-05  1.46999998  0.000110092415
  48.2999992  7.33099E-05  1.47527256  0.000108152084
  48.4000015  7.17603E-05  1.48054543  0.000106244384
  48.5  7.02436E-05  1.485818  0.000104369206
  48.5999985  6.87589E-05  1.49109087  0.000102525768
  48.7000008  6.73055E-05  1.49636364  0.000100713503
  48.7999992  6.5883E-05  1.50163631  9.89323053E-05
  48.9000015  6.44904E-05  1.50690918  9.71811758E-05
  49.  6.31273E-05  1.51218176  9.54599515E-05
  49.0999985  6.1793E-05  1.51745434  9.37680559E-05
  49.2000008  6.0487E-05  1.5227272  9.21052004E-05
  49.2999992  5.92085E-05  1.52799988  9.04705808E-05
  49.4000015  5.7957E-05  1.53327274  8.88638884E-05
  49.5  5.67321E-05  1.53854542  8.72849125E-05
  49.5999985  5.55329E-05  1.54381809  8.57326957E-05
  49.7000008  5.43592E-05  1.54909096  8.42073452E-05
  49.7999992  5.32102E-05  1.55436354  8.27079947E-05
  49.9000015  5.20855E-05  1.55963631  8.12344369E-05
  50.  5.09846E-05  1.56490898  7.97862584E-05
  50.0999985  4.9907E-05  1.57018166  7.83630559E-05
  50.2000008  4.88522E-05  1.57545452  7.69644194E-05
  50.2999992  4.78196E-05  1.5807272  7.55897422E-05
  50.4000015  4.68088E-05  1.58600006  7.42387597E-05
  50.5  4.58195E-05  1.59127274  7.29113211E-05
  50.5999985  4.4851E-05  1.59654531  7.16066539E-05
  50.7000008  4.3903E-05  1.60181808  7.03246194E-05
  50.7999992  4.29751E-05  1.60709076  6.90648861E-05
  50.9000015  4.20667E-05  1.61236362  6.78268169E-05
  51.  4.11776E-05  1.6176363  6.66103805E-05
  51.0999985  4.03073E-05  1.62290897  6.54150789E-05
  51.2000008  3.94553E-05  1.62818184  6.42404029E-05
  51.2999992  3.86214E-05  1.63345451  6.30863001E-05
  51.4000015  3.7805E-05  1.63872719  6.19520813E-05
  51.5  3.7006E-05  1.64399986  6.08378589E-05
  51.5999985  3.62238E-05  1.64927273  5.97429254E-05
  51.7000008  3.54582E-05  1.6545454  5.86672018E-05
  51.7999992  3.47087E-05  1.65981808  5.76101277E-05
  51.9000015  3.39751E-05  1.66509094  5.65716313E-05
  52.  3.3257E-05  1.67036362  5.55512828E-05
  52.0999985  3.2554E-05  1.67563629  5.45486638E-05
  52.2000008  3.1866E-05  1.68090897  5.35638451E-05
  52.2999992  3.11925E-05  1.68618183  5.25962268E-05
  52.4000015  3.05331E-05  1.6914547  5.16453554E-05
  52.5  2.98878E-05  1.69672718  5.07114426E-05
  52.5999985  2.92561E-05  1.70199986  4.9793878E-05
  52.7000008  2.86377E-05  1.70727272  4.8892364E-05
  52.7999992  2.80324E-05  1.71254539  4.80067575E-05
  52.9000015  2.74399E-05  1.71781826  4.71367613E-05
  53.  2.68599E-05  1.72309093  4.62820502E-05
  53.0999985  2.62922E-05  1.72836361  4.54424817E-05
  53.2000008  2.57365E-05  1.73363628  4.46177302E-05
  53.2999992  2.51925E-05  1.73890915  4.38074687E-05
  53.4000015  2.466E-05  1.74418201  4.30115285E-05
  53.5  2.41388E-05  1.7494545  4.22297322E-05
  53.5999985  2.36286E-05  1.75472717  4.14617465E-05
  53.7000008  2.31291E-05  1.76000004  4.07072169E-05
  53.7999992  2.26403E-05  1.76548386  3.99710841E-05
  53.9000015  2.21617E-05  1.77096786  3.92476585E-05
  54.  2.16933E-05  1.77645168  3.85370993E-05
  54.0999985  2.12348E-05  1.7819355  3.7839044E-05
  54.2000008  2.0786E-05  1.78741932  3.7153298E-05
  54.2999992  2.03466E-05  1.79290314  3.6479483E-05
  54.4000015  1.99166E-05  1.79838715  3.58177574E-05
  54.5  1.94956E-05  1.80387096  3.51675468E-05
  54.5999985  1.90835E-05  1.80935478  3.4528822E-05
  54.7000008  1.86802E-05  1.81483879  3.39015516E-05
  54.7999992  1.82854E-05  1.82032261  3.3285327E-05
  54.9000015  1.78989E-05  1.82580643  3.26799267E-05
  55.  1.75206E-05  1.83129025  3.20853039E-05
  55.0999985  1.71502E-05  1.83677406  3.15010425E-05
  55.2000008  1.67877E-05  1.84225807  3.09272758E-05
  55.2999992  1.64329E-05  1.84774189  3.03637577E-05
  55.4000015  1.60856E-05  1.8532259  2.98102505E-05
  55.5  1.57456E-05  1.85870972  2.92664997E-05
  55.5999985  1.54128E-05  1.86419334  2.87324392E-05
  55.7000008  1.5087E-05  1.86967735  2.82078222E-05
  55.7999992  1.47681E-05  1.87516136  2.76925705E-05
  55.9000015  1.4456E-05  1.88064518  2.71866067E-05
  56.  1.41504E-05  1.886129  2.66894798E-05
  56.0999985  1.38513E-05  1.89161282  2.62012966E-05
  56.2000008  1.35586E-05  1.89709663  2.57219744E-05
  56.2999992  1.3272E-05  1.90258064  2.52510503E-05
  56.4000015  1.29915E-05  1.90806465  2.47886219E-05
  56.5  1.27169E-05  1.91354828  2.43344021E-05
  56.5999985  1.24481E-05  1.91903229  2.38883058E-05
  56.7000008  1.2185E-05  1.9245163  2.34502311E-05
  56.7999992  1.19274E-05  1.92999992  2.30198811E-05
  56.9000015  1.16753E-05  1.93548393  2.25973556E-05
  57.  1.14286E-05  1.94096756  2.21825419E-05
  57.0999985  1.1187E-05  1.94645138  2.17749516E-05
  57.2000008  1.09505E-05  1.95193558  2.13746705E-05
  57.2999992  1.07191E-05  1.9574192  2.09817722E-05
  57.4000015  1.04925E-05  1.96290321  2.0595762E-05
  57.5  1.02707E-05  1.96838703  2.02167127E-05
  57.5999985  1.00537E-05  1.97387085  1.98447054E-05
  57.7000008  9.84117E-06  1.97935486  1.94791677E-05
  57.7999992  9.63316E-06  1.98483849  1.91202667E-05
  57.9000015  9.42955E-06  1.99032269  1.87678473E-05
  58.  9.23025E-06  1.9958065  1.8421793E-05
  58.0999985  9.03515E-06  2.00129013  1.80819565E-05
  58.2000008  8.84418E-06  2.00677414  1.77482717E-05
  58.2999992  8.65725E-06  2.01225796  1.74206202E-05
  58.4000015  8.47426E-06  2.01774197  1.709887E-05
  58.5  8.29514E-06  2.02322578  1.67829411E-05
  58.5999985  8.11981E-06  2.0287096  1.64727365E-05
  58.7000008  7.94819E-06  2.03419361  1.61681573E-05
  58.7999992  7.7802E-06  2.03967724  1.58690969E-05
  58.9000015  7.61575E-06  2.04516125  1.55754368E-05
  59.  7.45478E-06  2.05064507  1.52871078E-05
  59.0999985  7.29721E-06  2.05612869  1.50040029E-05
  59.2000008  7.14298E-06  2.06161289  1.47260597E-05
  59.2999992  6.992E-06  2.06709652  1.44531389E-05
  59.4000015  6.84421E-06  2.07258072  1.41851777E-05
  59.5  6.69955E-06  2.07806454  1.39220973E-05
  59.5999985  6.55795E-06  2.08354816  1.36638047E-05
  59.7000008  6.41933E-06  2.08903236  1.34101881E-05
  59.7999992  6.28366E-06  2.09451599  1.31612264E-05
  59.9000015  6.15084E-06  2.1  1.2916764E-05
  60.  6.02083E-06  2.10571423  1.26781474E-05
  60.0999985  5.89357E-06  2.11142845  1.24438514E-05
  60.2000008  5.76901E-06  2.11714287  1.22138184E-05
  60.2999992  5.64707E-06  2.12285709  1.19879226E-05
  60.4000015  5.52771E-06  2.12857151  1.1766126E-05
  60.5  5.41088E-06  2.13428555  1.1548363E-05
  60.5999985  5.2965E-06  2.13999977  1.13345088E-05
  60.7000008  5.18456E-06  2.14571419  1.11245839E-05
  60.7999992  5.07498E-06  2.15142841  1.09184562E-05
  60.9000015  4.96771E-06  2.15714283  1.071606E-05
  61.  4.86271E-06  2.16285706  1.05173466E-05
  61.0999985  4.75993E-06  2.16857128  1.03222475E-05
  61.2000008  4.65932E-06  2.1742857  1.01306928E-05
  61.2999992  4.56084E-06  2.17999992  9.94263085E-06
  61.4000015  4.46444E-06  2.18571434  9.75799053E-06
  61.5  4.37008E-06  2.19142838  9.57671731E-06
  61.5999985  4.27771E-06  2.1971426  9.39873888E-06
  61.7000008  4.1873E-06  2.20285702  9.22402319E-06
  61.7999992  4.09879E-06  2.20857124  9.05246973E-06
  61.9000015  4.01216E-06  2.21428566  8.88406835E-06
  62.  3.92736E-06  2.21999989  8.71873875E-06
  62.0999985  3.84434E-06  2.22571411  8.55640179E-06
  62.2000008  3.76309E-06  2.23142853  8.39706638E-06
  62.2999992  3.68355E-06  2.23714275  8.24062719E-06
  62.4000015  3.60569E-06  2.24285717  8.08704767E-06
  62.5  3.52948E-06  2.2485714  7.93628777E-06
  62.5999985  3.45488E-06  2.25428562  7.78828631E-06
  62.7000008  3.38186E-06  2.26000004  7.64300373E-06
  62.7999992  3.31038E-06  2.26571407  7.50037455E-06
  62.9000015  3.24041E-06  2.27142849  7.36035959E-06
  63.  3.17192E-06  2.27714272  7.22291452E-06
  63.0999985  3.10487E-06  2.28285694  7.08797403E-06
  63.2000008  3.03925E-06  2.28857136  6.9555405E-06
  63.2999992  2.97501E-06  2.29428558  6.82552255E-06
  63.4000015  2.91213E-06  2.3  6.697899E-06
  63.5  2.85058E-06  2.30571423  6.57262286E-06
  63.5999985  2.79032E-06  2.31142845  6.44962504E-06
  63.7000008  2.73135E-06  2.31714287  6.32892817E-06
  63.7999992  2.67362E-06  2.3228569  6.21043667E-06
  63.9000015  2.6171E-06  2.32857132  6.094104E-06
  64.  2.56179E-06  2.33428574  5.97994986E-06
  64.0999985  2.50764E-06  2.33999977  5.86787703E-06
  64.1999969  2.45464E-06  2.345714  5.75788341E-06
  64.3000031  2.40276E-06  2.3514286  5.64991859E-06
  64.4000015  2.35197E-06  2.35714283  5.54392922E-06
  64.5  2.30226E-06  2.36285706  5.43991128E-06
  64.5999985  2.2536E-06  2.36857128  5.33781224E-06
  64.6999969  2.20596E-06  2.37428551  5.23757886E-06
  64.8000031  2.15934E-06  2.38000011  5.13922945E-06
  64.9000015  2.1137E-06  2.38571434  5.0426844E-06
  65.  2.06902E-06  2.39142857  4.94791353E-06
  65.0999985  2.02529E-06  2.3971426  4.85490894E-06
  65.1999969  1.98248E-06  2.40285683  4.7636156E-06
  65.3000031  1.94058E-06  2.40857143  4.67402555E-06
  65.4000015  1.89956E-06  2.41428566  4.58608047E-06
  65.5  1.85941E-06  2.41999989  4.49977199E-06
  65.5999985  1.82011E-06  2.42571411  4.41506651E-06
  65.6999969  1.78164E-06  2.43142834  4.33192998E-06
  65.8000031  1.74398E-06  2.43714294  4.25032855E-06
  65.9000015  1.70712E-06  2.44285717  4.17025033E-06
  66.  1.67104E-06  2.4485714  4.09166075E-06
  66.0999985  1.63572E-06  2.45428562  4.01452408E-06
  66.1999969  1.60115E-06  2.45999966  3.93882845E-06
  66.3000031  1.5673E-06  2.46571445  3.86451426E-06
  66.4000015  1.53418E-06  2.47142849  3.79161616E-06
  66.5  1.50175E-06  2.47714272  3.72004907E-06
  66.5999985  1.47001E-06  2.48285694  3.64982453E-06
  66.6999969  1.43894E-06  2.48857117  3.5809046E-06
  66.8000031  1.40852E-06  2.49428577  3.5132514E-06
  66.9000015  1.37875E-06  2.5  3.446875E-06
  67.  1.34961E-06  2.50597382  3.38208732E-06
  67.0999985  1.32109E-06  2.51194801  3.3185094E-06
  67.1999969  1.29316E-06  2.51792183  3.25607579E-06
  67.3000031  1.26583E-06  2.52389622  3.19482355E-06
  67.4000015  1.23907E-06  2.52987022  3.1346863E-06
  67.5  1.21288E-06  2.53584404  3.07567452E-06
  67.5999985  1.18725E-06  2.54181805  3.01777348E-06
  67.6999969  1.16215E-06  2.54779186  2.96091631E-06
  67.8000031  1.13759E-06  2.55376644  2.90513917E-06
  67.9000015  1.11355E-06  2.55974045  2.85039898E-06
  68.  1.09001E-06  2.56571426  2.7966542E-06
  68.0999985  1.06697E-06  2.57168808  2.74391403E-06
  68.1999969  1.04442E-06  2.57766209  2.69216184E-06
  68.3000031  1.02234E-06  2.58363647  2.64135491E-06
  68.4000015  1.00074E-06  2.58961029  2.5915266E-06
  68.5  9.79583E-07  2.5955843  2.54259025E-06
  68.5999985  9.58879E-07  2.6015583  2.49457962E-06
  68.6999969  9.3861E-07  2.60753231  2.4474559E-06
  68.8000031  9.18771E-07  2.6135067  2.40121416E-06
  68.9000015  8.99352E-07  2.61948051  2.35583504E-06
  69.  8.80344E-07  2.62545452  2.31130313E-06
  69.0999985  8.61736E-07  2.63142834  2.26759653E-06
  69.1999969  8.43521E-07  2.63740234  2.22470426E-06
  69.3000031  8.25693E-07  2.64337654  2.18261751E-06
  69.4000015  8.0824E-07  2.64935074  2.14131124E-06
  69.5  7.91158E-07  2.65532455  2.10078126E-06
  69.5999985  7.74435E-07  2.66129856  2.06100275E-06
  69.6999969  7.58066E-07  2.66727257  2.02196865E-06
  69.8000031  7.42043E-07  2.67324677  1.98366405E-06
  69.9000015  7.2636E-07  2.67922096  1.94607894E-06
  70.  7.11007E-07  2.68519478  1.90919228E-06
  70.0999985  6.95979E-07  2.69116859  1.87299683E-06
  70.1999969  6.81268E-07  2.69714279  1.83747708E-06
  70.3000031  6.66868E-07  2.70311699  1.80262222E-06
  70.4000015  6.52773E-07  2.70909119  1.76842158E-06
  70.5  6.38977E-07  2.715065  1.73486409E-06
  70.5999985  6.25471E-07  2.72103882  1.70193087E-06
  70.6999969  6.1225E-07  2.72701283  1.6696136E-06
  70.8000031  5.99309E-07  2.73298721  1.63790383E-06
  70.9000015  5.86642E-07  2.73896103  1.60678958E-06
  71.  5.74243E-07  2.74493523  1.57625984E-06
  71.0999985  5.62106E-07  2.75090904  1.54630248E-06
  71.1999969  5.50224E-07  2.75688305  1.51690322E-06
  71.3000031  5.38594E-07  2.76285744  1.48805844E-06
  71.4000015  5.27211E-07  2.76883125  1.45975829E-06
  71.5  5.16067E-07  2.77480526  1.43198543E-06
  71.5999985  5.0516E-07  2.78077908  1.40473836E-06
  71.6999969  4.94482E-07  2.78675308  1.37799924E-06
  71.8000031  4.8403E-07  2.79272766  1.35176397E-06
  71.9000015  4.738E-07  2.79870148  1.32602476E-06
  72.  4.63786E-07  2.80467529  1.30076914E-06
  72.0999985  4.53983E-07  2.8106493  1.275987E-06
  72.1999969  4.44387E-07  2.81662331  1.25167078E-06
  72.3000031  4.34994E-07  2.82259769  1.22781306E-06
  72.4000015  4.258E-07  2.82857151  1.20440575E-06
  72.5  4.168E-07  2.83454552  1.18143857E-06
  72.5999985  4.07991E-07  2.84051952  1.1589064E-06
  72.6999969  3.99367E-07  2.84649353  1.13679558E-06
  72.8000031  3.90926E-07  2.85246773  1.1151038E-06
  72.9000015  3.82663E-07  2.85844173  1.09381989E-06
  73.  3.74575E-07  2.86441574  1.07293853E-06
  73.0999985  3.66658E-07  2.87038956  1.05245129E-06
  73.1999969  3.58908E-07  2.87636337  1.03234983E-06
  73.3000031  3.51322E-07  2.88233795  1.01262873E-06
  73.4000015  3.43896E-07  2.88831196  9.93278929E-07
  73.5  3.36628E-07  2.89428596  9.74297696E-07
  73.5999985  3.29513E-07  2.90025959  9.55673238E-07
  73.6999969  3.22548E-07  2.9062336  9.37399834E-07
  73.8000031  3.1573E-07  2.91220818  9.19471487E-07
  73.9000015  3.09057E-07  2.91818218  9.01884631E-07
  74.  3.02525E-07  2.92415581  8.84630236E-07
  74.0999985  2.96131E-07  2.93012981  8.67702272E-07
  74.1999969  2.89871E-07  2.93610382  8.51091351E-07
  74.3000031  2.83744E-07  2.9420784  8.34797093E-07
  74.4000015  2.77747E-07  2.94805202  8.18812606E-07
  74.5  2.71876E-07  2.95402603  8.03128781E-07
  74.5999985  2.6613E-07  2.96000004  7.8774481E-07
  74.6999969  2.60505E-07  2.96604652  7.7266995E-07
  74.8000031  2.54999E-07  2.9720932  7.57880794E-07
  74.9000015  2.49609E-07  2.97813969  7.43370469E-07
  75.  2.44333E-07  2.98418598  7.29135113E-07
  75.0999985  2.39169E-07  2.99023247  7.15170909E-07
  75.1999969  2.34113E-07  2.99627895  7.01467855E-07
  75.3000031  2.29165E-07  3.00232601  6.8802804E-07
  75.4000015  2.24322E-07  3.00837231  6.74844093E-07
  75.5  2.1958E-07  3.01441879  6.61906079E-07
  75.5999985  2.14939E-07  3.02046528  6.49215787E-07
  75.6999969  2.10396E-07  3.02651176  6.36765969E-07
  75.8000031  2.05949E-07  3.03255844  6.24552378E-07
  75.9000015  2.01596E-07  3.03860493  6.12570599E-07
  76.  1.97335E-07  3.04465122  6.00816249E-07
  76.0999985  1.93164E-07  3.05069771  5.89284972E-07
  76.1999969  1.89081E-07  3.056744  5.77972213E-07
  76.3000031  1.85085E-07  3.06279106  5.66876684E-07
  76.4000015  1.81173E-07  3.06883755  5.55990505E-07
  76.5  1.77343E-07  3.07488384  5.45309125E-07
  76.5999985  1.73595E-07  3.08093033  5.348341E-07
  76.6999969  1.69926E-07  3.08697662  5.2455759E-07
  76.8000031  1.66334E-07  3.09302349  5.14474969E-07
  76.9000015  1.62818E-07  3.09906998  5.04584375E-07
  77.  1.59377E-07  3.10511627  4.94884116E-07
  77.0999985  1.56009E-07  3.11116295  4.8536942E-07
  77.1999969  1.52711E-07  3.11720905  4.76032112E-07
  77.3000031  1.49483E-07  3.12325611  4.66873693E-07
  77.4000015  1.46324E-07  3.1293026  4.57892073E-07
  77.5  1.43231E-07  3.13534889  4.49079157E-07
  77.5999985  1.40204E-07  3.14139538  4.40436198E-07
  77.6999969  1.3724E-07  3.14744186  4.31954921E-07
  77.8000031  1.34339E-07  3.15348854  4.23636497E-07
  77.9000015  1.315E-07  3.15953503  4.15478856E-07
  78.  1.2872E-07  3.16558151  4.07473652E-07
  78.0999985  1.26E-07  3.17162781  3.99625104E-07
  78.1999969  1.23336E-07  3.17767429  3.91921637E-07
  78.3000031  1.2073E-07  3.18372135  3.84370679E-07
  78.4000015  1.18178E-07  3.18976765  3.76960361E-07
  78.5  1.1568E-07  3.19581413  3.69691779E-07
  78.5999985  1.13235E-07  3.20186043  3.62562666E-07
  78.6999969  1.10841E-07  3.2079071  3.55567631E-07
  78.8000031  1.08499E-07  3.21395416  3.48710813E-07
  78.9000015  1.06206E-07  3.22000046  3.41983369E-07
  79.  1.03961E-07  3.22604675  3.35383046E-07
  79.0999985  1.01764E-07  3.23209305  3.28910717E-07
  79.1999969  9.96125E-08  3.23813934  3.22559155E-07
  79.3000031  9.75069E-08  3.2441864  3.16330559E-07
  79.4000015  9.5446E-08  3.2502327  3.1022171E-07
  79.5  9.34287E-08  3.25627899  3.04229913E-07
  79.5999985  9.1454E-08  3.26232567  2.98352732E-07
  79.6999969  8.95209E-08  3.26837196  2.925876E-07
  79.8000031  8.76288E-08  3.27441864  2.86933376E-07
  79.9000015  8.57765E-08  3.28046532  2.81386833E-07
  80.  8.39636E-08  3.28651199  2.75947378E-07
  80.0999985  8.2189E-08  3.29255829  2.70612073E-07
  80.1999969  8.04517E-08  3.29860458  2.65378346E-07
  80.3000031  7.87513E-08  3.30465164  2.60245613E-07
  80.4000015  7.70867E-08  3.31069794  2.55210779E-07
  80.5  7.54574E-08  3.31674423  2.50272896E-07
  80.5999985  7.38625E-08  3.32279053  2.45429615E-07
  80.6999969  7.23013E-08  3.3288372  2.40679257E-07
  80.8000031  7.07731E-08  3.33488388  2.3602007E-07
  80.9000015  6.92773E-08  3.34093018  2.31450622E-07
  81.  6.78129E-08  3.34697685  2.26968207E-07
  81.0999985  6.63796E-08  3.35302353  2.22572361E-07
  81.1999969  6.49765E-08  3.35906982  2.182606E-07
  81.3000031  6.36032E-08  3.3651165  2.14032178E-07
  81.4000015  6.22589E-08  3.37116318  2.09884911E-07
  81.5  6.0943E-08  3.37720947  2.05817277E-07
  81.5999985  5.96548E-08  3.38325577  2.01827446E-07
  81.6999969  5.83939E-08  3.38930206  1.97914566E-07
  81.8000031  5.71597E-08  3.39534912  1.94077137E-07
  81.9000015  5.59516E-08  3.40139542  1.90313516E-07
  82.  5.4769E-08  3.40744171  1.86622175E-07
  82.0999985  5.36114E-08  3.41348839  1.83001891E-07
  82.1999969  5.24782E-08  3.41953506  1.79451045E-07
  82.3000031  5.13689E-08  3.42558174  1.75968366E-07
  82.4000015  5.02832E-08  3.43162804  1.72553239E-07
  82.5  4.92204E-08  3.43767471  1.69203724E-07
  82.5999985  4.81801E-08  3.44372101  1.65918823E-07
  82.6999969  4.71617E-08  3.4497673  1.62696891E-07
  82.8000031  4.61649E-08  3.45581436  1.59537324E-07
  82.9000015  4.51891E-08  3.46186066  1.56438367E-07
  83.  4.4234E-08  3.46790695  1.53399396E-07
  83.0999985  4.32991E-08  3.47395363  1.50419066E-07
  83.1999969  4.23838E-08  3.47999992  1.47495621E-07
  83.3000031  4.1488E-08  3.48608284  1.44630605E-07
  83.4000015  4.06111E-08  3.49216537  1.41820677E-07
  83.5  3.97527E-08  3.49824753  1.39064785E-07
  83.5999985  3.89125E-08  3.50433006  1.36362244E-07
  83.6999969  3.809E-08  3.51041222  1.33711601E-07
  83.8000031  3.72849E-08  3.51649513  1.31112169E-07
  83.9000015  3.64969E-08  3.52257729  1.28563151E-07
  84.  3.57255E-08  3.52865982  1.26063136E-07
  84.0999985  3.49704E-08  3.53474236  1.23611354E-07
  84.1999969  3.42312E-08  3.54082451  1.21206672E-07
  84.3000031  3.35077E-08  3.54690742  1.1884871E-07
  84.4000015  3.27995E-08  3.55298996  1.16536294E-07
  84.5  3.21062E-08  3.55907249  1.14268293E-07
  84.5999985  3.14276E-08  3.56515465  1.12044254E-07
  84.6999969  3.07633E-08  3.5712368  1.09863029E-07
  84.8000031  3.01131E-08  3.57731972  1.07724186E-07
  84.9000015  2.94766E-08  3.58340225  1.05626515E-07
  85.  2.88536E-08  3.58948441  1.03569547E-07
  85.0999985  2.82438E-08  3.59556694  1.01552474E-07
  85.1999969  2.76467E-08  3.60164948  9.95737225E-08
  85.3000031  2.70624E-08  3.60773201  9.76338867E-08
  85.4000015  2.64904E-08  3.61381454  9.57313928E-08
  85.5  2.59305E-08  3.61989708  9.38657412E-08
  85.5999985  2.53824E-08  3.62597961  9.2036065E-08
  85.6999969  2.48459E-08  3.63206177  9.02418435E-08
  85.8000031  2.43208E-08  3.63814468  8.84825892E-08
  85.9000015  2.38067E-08  3.64422684  8.6757015E-08
  86.  2.33035E-08  3.65030937  8.50649844E-08
  86.0999985  2.2811E-08  3.65639191  8.34059558E-08
  86.1999969  2.23288E-08  3.66247406  8.17786508E-08
  86.3000031  2.18569E-08  3.66855698  8.0183283E-08
  86.4000015  2.13949E-08  3.67463913  7.86185367E-08
  86.5  2.09427E-08  3.68072166  7.70842496E-08
  86.5999985  2.05E-08  3.68680382  7.55794783E-08
  86.6999969  2.00667E-08  3.69288635  7.41040426E-08
  86.8000031  1.96426E-08  3.69896927  7.26573738E-08
  86.9000015  1.92274E-08  3.70505142  7.12385057E-08
  87.  1.8821E-08  3.71113434  6.98472594E-08
  87.0999985  1.84232E-08  3.71721649  6.84830229E-08
  87.1999969  1.80338E-08  3.72329903  6.714523E-08
  87.3000031  1.76526E-08  3.72938156  6.58332809E-08
  87.4000015  1.72795E-08  3.7354641  6.45469518E-08
  87.5  1.69143E-08  3.74154663  6.32856422E-08
  87.5999985  1.65568E-08  3.74762878  6.20487403E-08
  87.6999969  1.62068E-08  3.75371132  6.08356486E-08
  87.8000031  1.58643E-08  3.75979424  5.96465037E-08
  87.9000015  1.5529E-08  3.76587677  5.84803004E-08
  88.  1.52008E-08  3.77195892  5.73367932E-08
  88.0999985  1.48795E-08  3.77804108  5.62153622E-08
  88.1999969  1.4565E-08  3.78412323  5.51157548E-08
  88.3000031  1.42571E-08  3.79020615  5.4037348E-08
  88.4000015  1.39558E-08  3.79628868  5.29802456E-08
  88.5  1.36608E-08  3.80237122  5.19434327E-08
  88.5999985  1.33721E-08  3.80845337  5.09270193E-08
  88.6999969  1.30894E-08  3.8145359  4.99299863E-08
  88.8000031  1.28127E-08  3.82061882  4.89524428E-08
  88.9000015  1.25419E-08  3.82670135  4.79941057E-08
  89.  1.22768E-08  3.83278351  4.70543166E-08
  89.0999985  1.20174E-08  3.83886604  4.61331888E-08
  89.1999969  1.17633E-08  3.8449482  4.52292791E-08
  89.3000031  1.15147E-08  3.85103111  4.4343468E-08
  89.4000015  1.12713E-08  3.85711365  4.34746851E-08
  89.5  1.10331E-08  3.8631958  4.26230256E-08
  89.5999985  1.07999E-08  3.86927834  4.17878191E-08
  89.6999969  1.05716E-08  3.87536087  4.0968765E-08
  89.8000031  1.03482E-08  3.88144341  4.01659526E-08
  89.9000015  1.01295E-08  3.88752594  3.9378694E-08
  90.  9.91537E-09  3.89360809  3.86065649E-08
  90.0999985  9.70578E-09  3.89969063  3.78495393E-08
  90.1999969  9.50062E-09  3.90577316  3.71072666E-08
  90.3000031  9.29982E-09  3.9118557  3.63795539E-08
  90.4000015  9.10326E-09  3.91793823  3.56660104E-08
  90.5  8.91086E-09  3.92402039  3.49663963E-08
  90.5999985  8.72252E-09  3.93010292  3.42804013E-08
  90.6999969  8.53815E-09  3.93618546  3.36077418E-08
  90.8000031  8.35767E-09  3.94226837  3.29481781E-08
  90.9000015  8.18102E-09  3.94835091  3.23015377E-08
  91.  8.00811E-09  3.95443306  3.16675349E-08
  91.0999985  7.83885E-09  3.96051521  3.10458847E-08
  91.1999969  7.67316E-09  3.96659775  3.04363392E-08
  91.3000031  7.51098E-09  3.97268066  2.9838725E-08
  91.4000015  7.35222E-09  3.9787632  2.92527424E-08
  91.5  7.19682E-09  3.98484535  2.86782147E-08
  91.5999985  7.04471E-09  3.99092751  2.81149269E-08
  91.6999969  6.89581E-09  3.99701004  2.75626218E-08
  91.8000031  6.75006E-09  4.00309296  2.70211176E-08
  91.9000015  6.60739E-09  4.00917549  2.6490186E-08
  92.  6.46773E-09  4.01525764  2.59696023E-08
  92.0999985  6.33103E-09  4.02134018  2.54592253E-08
  92.1999969  6.1972E-09  4.02742271  2.4958744E-08
  92.3000031  6.06622E-09  4.03350563  2.44681325E-08
  92.4000015  5.93801E-09  4.03958778  2.39871127E-08
  92.5  5.8125E-09  4.04566994  2.35154565E-08
  92.5999985  5.68964E-09  4.05175247  2.30530129E-08
  92.6999969  5.56937E-09  4.05783463  2.25995824E-08
  92.8000031  5.45166E-09  4.06391792  2.21550988E-08
  92.9000015  5.33644E-09  4.07000008  2.17193112E-08
  93.  5.22365E-09  4.07594604  2.12913156E-08
  93.0999985  5.11324E-09  4.08189163  2.08716916E-08
  93.1999969  5.00515E-09  4.0878376  2.04602404E-08
  93.3000031  4.89936E-09  4.09378357  2.00569195E-08
  93.4000015  4.79581E-09  4.09972954  1.96615239E-08
  93.5  4.69445E-09  4.10567589  1.92738902E-08
  93.5999985  4.59523E-09  4.11162186  1.88938481E-08
  93.6999969  4.4981E-09  4.11756744  1.85212301E-08
  93.8000031  4.40302E-09  4.12351341  1.8155912E-08
  93.9000015  4.30996E-09  4.12945938  1.77978048E-08
  94.  4.21886E-09  4.13540535  1.74466962E-08
  94.0999985  4.12969E-09  4.14135132  1.71024971E-08
  94.1999969  4.0424E-09  4.14729691  1.6765033E-08
  94.3000031  3.95696E-09  4.15324326  1.64342174E-08
  94.4000015  3.87332E-09  4.15918922  1.61098708E-08
  94.5  3.79146E-09  4.16513481  1.5791942E-08
  94.5999985  3.71132E-09  4.17108116  1.54802169E-08
  94.6999969  3.63287E-09  4.17702675  1.51745952E-08
  94.8000031  3.55609E-09  4.18297348  1.48750302E-08
  94.9000015  3.48093E-09  4.18891907  1.4581334E-08
  95.  3.40735E-09  4.19486465  1.42933721E-08
  95.0999985  3.33533E-09  4.20081062  1.40110897E-08
  95.1999969  3.26483E-09  4.20675659  1.37343451E-08
  95.3000031  3.19583E-09  4.21270294  1.34630824E-08
  95.4000015  3.12828E-09  4.21864853  1.31971138E-08
  95.5  3.06216E-09  4.22459488  1.29363855E-08
  95.5999985  2.99744E-09  4.23054047  1.26807912E-08
  95.6999969  2.93408E-09  4.23648605  1.2430189E-08
  95.8000031  2.87206E-09  4.2424324  1.21845204E-08
  95.9000015  2.81136E-09  4.24837837  1.1943721E-08
  96.  2.75194E-09  4.25432434  1.17076453E-08
  96.0999985  2.69378E-09  4.26026993  1.14762299E-08
  96.1999969  2.63684E-09  4.26621628  1.12493297E-08
  96.3000031  2.5811E-09  4.27216225  1.1026878E-08
  96.4000015  2.52655E-09  4.27810822  1.08088543E-08
  96.5  2.47315E-09  4.2840538  1.05951077E-08
  96.5999985  2.42087E-09  4.28999977  1.03855317E-08
  96.6999969  2.3697E-09  4.29594574  1.01801026E-08
  96.8000031  2.31961E-09  4.30189209  9.97871191E-09
  96.9000015  2.27059E-09  4.30783806  9.78133402E-09
  97.  2.2226E-09  4.31378403  9.58781638E-09
  97.0999985  2.17562E-09  4.31972961  9.39809014E-09
  97.1999969  2.12963E-09  4.3256752  9.21208768E-09
  97.3000031  2.08462E-09  4.33162155  9.02978492E-09
  97.4000015  2.04056E-09  4.3375679  8.85106756E-09
  97.5  1.99743E-09  4.34351349  8.67586415E-09
  97.5999985  1.95521E-09  4.34945946  8.50410663E-09
  97.6999969  1.91388E-09  4.35540543  8.33572334E-09
  97.8000031  1.87343E-09  4.36135139  8.17068654E-09
  97.9000015  1.83383E-09  4.36729736  8.00888092E-09
  98.  1.79507E-09  4.37324295  7.85027722E-09
  98.0999985  1.75713E-09  4.3791893  7.6948049E-09
  98.1999969  1.71999E-09  4.38513489  7.54238816E-09
  98.3000031  1.68364E-09  4.39108124  7.39300002E-09
  98.4000015  1.64805E-09  4.39702682  7.24652006E-09
  98.5  1.61322E-09  4.40297318  7.10296439E-09
  98.5999985  1.57912E-09  4.40891876  6.9622118E-09
  98.6999969  1.54574E-09  4.41486435  6.82423242E-09
  98.8000031  1.51307E-09  4.4208107  6.68899605E-09
  98.9000015  1.48109E-09  4.42675705  6.5564256E-09
  99.  1.44979E-09  4.43270264  6.42648796E-09
  99.0999985  1.41914E-09  4.43864822  6.29906324E-09
  99.1999969  1.38915E-09  4.44459457  6.17420855E-09
  99.3000031  1.35978E-09  4.45054092  6.05175654E-09
  99.4000015  1.33104E-09  4.45648651  5.93176181E-09
  99.5  1.30291E-09  4.4624321  5.81414741E-09
  99.5999985  1.27537E-09  4.46837845  5.69883582E-09
  99.6999969  1.24841E-09  4.47432404  5.58579087E-09
  99.8000031  1.22203E-09  4.48027039  5.47502482E-09
  99.9000015  1.1962E-09  4.48621635  5.366412E-09
  100.  1.17092E-09  4.49216232  5.25996271E-09
  100.099998  1.14617E-09  4.49810791  5.15559634E-09
  100.199997  1.12194E-09  4.50405388  5.05327821E-09
  100.300003  1.09823E-09  4.50999985  4.95301713E-09
  100.400002  1.07502E-09  4.5159462  4.85473248E-09
  100.5  1.05229E-09  4.52189178  4.75834151E-09
  100.599998  1.03005E-09  4.52783775  4.66389928E-09
  100.699997  1.00828E-09  4.53378372  4.57132345E-09
  100.800003  9.86968E-10  4.53973007  4.48056831E-09
  100.900002  9.66107E-10  4.54567566  4.39160907E-09
  101.  9.45688E-10  4.55162163  4.30441395E-09
  101.099998  9.25698E-10  4.5575676  4.21893121E-09
  101.199997  9.06131E-10  4.56351318  4.13514076E-09
  101.300003  8.86979E-10  4.56945953  4.05301465E-09
