  1.78699994  10.88  0.  0.
  1.98300004  11.04  0.  0.
  2.18000007  10.95  0.  0.
  2.37700009  10.67  0.  0.
  2.57299995  10.24  0.  0.
  2.76999998  9.715  0.  0.
  2.96700001  9.123  0.  0.
  3.16300011  8.497  0.  0.
  3.3599999  7.859  0.00394666642  0.0310168514
  3.55699992  7.228  0.00473617017  0.034233038
  3.75300002  6.617  0.00559187792  0.0370014562
  3.95000005  6.036  0.00651045442  0.0392971029
  4.14699984  5.489  0.00756261274  0.0415111813
  4.34299994  4.981  0.00861800015  0.0429262587
  4.53999996  4.512  0.009799999  0.0442175955
  4.73699999  4.083  0.0109819993  0.0448395033
  4.93300009  3.693  0.0122476779  0.0452306745
  5.13000011  3.339  0.013619642  0.0454759845
  5.32700014  3.02  0.0149916068  0.0452746525
  5.52299976  2.734  0.0164919332  0.0450889453
  5.71999979  2.477  0.0180806428  0.0447857523
  5.91699982  2.247  0.019669354  0.0441970384
  6.11299992  2.041  0.0213502854  0.0435759325
  6.30999994  1.858  0.0231514275  0.0430153523
  6.50699997  1.694  0.0249525726  0.042269658
  6.70300007  1.548  0.0267445713  0.0414005964
  6.9000001  1.418  0.0287701339  0.0407960498
  7.09700012  1.302  0.0308168888  0.0401235892
  7.29300022  1.199  0.0328532517  0.0393910488
  7.48999977  1.106  0.0349000007  0.0385994008
  7.6869998  1.023  0.0372096568  0.0380654789
  7.8829999  0.9492  0.0395075887  0.0375006032
  8.07999992  0.8825  0.0418172449  0.0369037186
  8.27700043  0.8225  0.044126907  0.036294381
  8.47299957  0.7683  0.0465425491  0.0357586405
  8.67000008  0.7194  0.0490574479  0.035291928
  8.86699963  0.675  0.0516187191  0.0348426354
  9.06299973  0.6347  0.0543665648  0.0345064586
  9.26000023  0.5979  0.0571284294  0.0341570879
  9.45699978  0.5643  0.0598902881  0.0337960896
  9.65299988  0.5335  0.0626381278  0.0334174412
  9.85000038  0.5052  0.0653999984  0.0330400792
  10.0500002  0.4791  0.0684956491  0.0328162655
  10.2399998  0.455  0.0714365125  0.0325036132
  10.4399996  0.4326  0.0745321631  0.0322426138
  10.6400003  0.4118  0.0776278317  0.0319671411
  10.8299999  0.3924  0.0805686951  0.0316151559
  11.0299997  0.3743  0.0837030709  0.0313300594
  11.2299995  0.3573  0.087056911  0.0311054343
  11.4200001  0.3414  0.0902430773  0.0308089866
  11.6199999  0.3264  0.0935969234  0.0305500358
  11.8199997  0.3123  0.0969507575  0.0302777216
  12.0100002  0.299  0.100136924  0.0299409402
  12.21  0.2864  0.103490758  0.0296397531
  12.4099998  0.2745  0.107199991  0.0294263975
  12.6000004  0.2631  0.111000001  0.0292041004
  12.8000002  0.2524  0.11500001  0.0290260024
  13.  0.2422  0.119000006  0.0288218014
  13.1899996  0.2324  0.122799993  0.0285387183
  13.3900003  0.2232  0.126800013  0.0283017628
  13.5900002  0.2143  0.130800009  0.0280304419
  13.7799997  0.2059  0.1347  0.0277347301
  13.9799995  0.1978  0.138950002  0.0274843104
  14.1800003  0.1901  0.143200016  0.027222323
  14.3699999  0.1827  0.147237504  0.0269002919
  14.5699997  0.1757  0.151487494  0.0266163526
  14.7700005  0.1689  0.155737507  0.026304065
  14.96  0.1624  0.159774995  0.0259474592
  15.1599998  0.1562  0.164024997  0.0256207045
  15.3599997  0.1502  0.168482339  0.0253060474
  15.5500002  0.1445  0.173176455  0.0250239978
  15.75  0.139  0.178117633  0.024758351
  15.9499998  0.1338  0.18305881  0.0244932688
  16.1399994  0.1287  0.187752914  0.0241638001
  16.3400002  0.1239  0.192694104  0.0238747995
  16.5400009  0.1192  0.197635305  0.0235581283
  16.7299995  0.1148  0.202329397  0.0232274148
  16.9300003  0.1105  0.207270575  0.0229033985
  17.1299992  0.1063  0.21237998  0.0225759919
  17.3199997  0.1023  0.217319989  0.0222318349
  17.5200005  0.09853  0.222520018  0.0219248973
  17.7199993  0.09486  0.227719975  0.0216015168
  17.9099998  0.09133  0.232659984  0.0212488363
  18.1100006  0.08794  0.237860012  0.0209174095
  18.3099995  0.08467  0.243059969  0.0205798876
  18.5  0.08153  0.248000002  0.0202194402
  18.7000008  0.07851  0.253200006  0.0198787325
  18.8999996  0.07561  0.258399963  0.0195376212
  19.0900002  0.07282  0.263577271  0.0191936968
  19.2900009  0.07013  0.269304562  0.0188863289
  19.4899998  0.06754  0.275031805  0.0185756481
  19.6800003  0.06505  0.280472708  0.0182447496
  19.8799992  0.06266  0.286199951  0.0179332889
  20.0799999  0.06035  0.291927266  0.0176178105
  20.2700005  0.05813  0.297368193  0.017286013
  20.4699993  0.056  0.303095436  0.0169733444
  20.6700001  0.05394  0.308822727  0.0166578979
  20.8600006  0.05196  0.31426363  0.0163291382
  21.0599995  0.05006  0.319990873  0.0160187431
  21.2600002  0.04822  0.325924969  0.015716102
  21.4500008  0.04646  0.332020831  0.0154256878
  21.6499996  0.04476  0.338437486  0.0151484619
  21.8500004  0.04312  0.344854164  0.0148701116
  22.0400009  0.04155  0.350950003  0.0145819726
  22.2399998  0.04003  0.357366657  0.0143053873
  22.4400005  0.03857  0.36378336  0.0140311242
  22.6299992  0.03717  0.36987915  0.013748408
  22.8299999  0.03581  0.376295829  0.0134751536
  23.0300007  0.03451  0.382712507  0.0132074086
  23.2199993  0.03325  0.388808322  0.0129278767
  23.4200001  0.03204  0.395225  0.012663009
  23.6200008  0.03088  0.401671457  0.0124036146
  23.8099995  0.02976  0.408049965  0.012143567
  24.0100002  0.02868  0.414764309  0.0118954404
  24.2099991  0.02764  0.421478558  0.0116496673
  24.3999996  0.02663  0.427857113  0.0113938349
  24.6000004  0.02567  0.434571457  0.0111554493
  24.7999992  0.02474  0.441285706  0.0109174084
  24.9899998  0.02384  0.447664261  0.010672316
  25.1900005  0.02298  0.454378605  0.0104416203
  25.3899994  0.02215  0.461092854  0.0102132067
  25.5799999  0.02135  0.467471409  0.00998051458
  25.7800007  0.02058  0.474185753  0.00975874279
  25.9799995  0.01983  0.480900002  0.00953624703
  26.1700001  0.01912  0.487278605  0.00931676692
  26.3700008  0.01843  0.493992853  0.00910428828
  26.5699997  0.01776  0.501614046  0.00890866546
  26.7600002  0.01712  0.509006262  0.0087141872
  26.9599991  0.0165  0.516787481  0.00852699344
  27.1599998  0.01591  0.524568748  0.00834588879
  27.3500004  0.01534  0.531960964  0.00816028119
  27.5499992  0.01478  0.539742184  0.00797738947
  27.75  0.01425  0.547523451  0.00780220917
  27.9400005  0.01374  0.554915667  0.00762454126
  28.1399994  0.01324  0.562696838  0.00745010614
  28.3400002  0.01277  0.570478153  0.00728500602
  28.5300007  0.01231  0.577870369  0.00711358424
  28.7299995  0.01187  0.585651541  0.00695168379
  28.9300003  0.01144  0.593432808  0.00678887132
  29.1200008  0.01103  0.600825024  0.00662710001
  29.3199997  0.01064  0.608606243  0.00647557043
  29.5200005  0.01025  0.616387558  0.00631797247
  29.7099991  0.009886  0.623779678  0.0061666859
  29.9099998  0.009532  0.631560946  0.00602003893
  30.1100006  0.009191  0.639342213  0.00587619428
  30.2999992  0.008862  0.646734381  0.00573136008
  30.5  0.008544  0.654515648  0.0055921817
  30.7000008  0.008238  0.662296915  0.00545600199
  30.8899994  0.007944  0.669689035  0.0053200097
  31.0900002  0.00766  0.67747035  0.00518942288
  31.2900009  0.007386  0.685251617  0.00506126845
  31.4799995  0.007122  0.692643738  0.0049330087
  31.6800003  0.006867  0.700425053  0.00480981884
  31.8799992  0.006622  0.708206272  0.00468974193
  32.0699997  0.006386  0.71559844  0.00456981164
  32.2700005  0.006158  0.723379707  0.00445457224
  32.4700012  0.005938  0.731161022  0.00434163415
  32.6599998  0.005726  0.738553143  0.00422895529
  32.8600006  0.005522  0.746589518  0.00412266732
  33.0600014  0.005325  0.755221176  0.00402155276
  33.25  0.005135  0.763421154  0.00392016763
  33.4500008  0.004952  0.772052765  0.00382320529
  33.6500015  0.004776  0.780684376  0.00372854858
  33.8400002  0.004605  0.788884258  0.00363281201
  34.0400009  0.004441  0.797515869  0.00354176797
  34.2400017  0.004283  0.80614748  0.00345272966
  34.4300003  0.004131  0.814347458  0.00336406935
  34.6300011  0.003984  0.822978973  0.00327874823
  34.8300018  0.003842  0.83161068  0.00319504823
  35.0200005  0.003706  0.839810562  0.00311233794
  35.2200012  0.003574  0.848442173  0.00303233233
  35.4199982  0.003447  0.857073593  0.00295433268
  35.6100006  0.003324  0.865273762  0.00287616998
  35.8100014  0.003206  0.873905373  0.00280174062
  36.0099983  0.003092  0.882536888  0.00272880406
  36.2000008  0.002982  0.890736961  0.00265617762
  36.4000015  0.002877  0.899368572  0.00258748338
  36.5999985  0.002774  0.907999992  0.00251879198
  36.7900009  0.002676  0.916483784  0.00245251061
  36.9900017  0.002581  0.925414085  0.00238849375
  37.1899986  0.002489  0.934344196  0.0023255827
  37.3800011  0.002401  0.942827988  0.00226373
  37.5800018  0.002316  0.951758289  0.0022042722
  37.7799988  0.002234  0.9606884  0.00214617789
  37.9700012  0.002155  0.969172192  0.00208856607
  38.1699982  0.002078  0.978102303  0.00203249658
  38.3699989  0.002005  0.987032509  0.00197900018
  38.5600014  0.001934  0.995516396  0.00192532871
  38.7599983  0.001865  1.00444641  0.00187329256
  38.9599991  0.001799  1.01337671  0.00182306471
  39.1500015  0.001735  1.0218605  0.00177292797
  39.3499985  0.001674  1.03079062  0.00172554349
  39.5499992  0.001615  1.03972082  0.00167914913
  39.7400017  0.001558  1.04820471  0.00163310294
  39.9399986  0.001502  1.05713472  0.00158781635
  40.1399994  0.001449  1.06606503  0.00154472822
  40.3300018  0.001398  1.07454891  0.00150221938
  40.5299988  0.001349  1.08347902  0.0014616132
  40.7299995  0.001301  1.09240923  0.00142122441
  40.9199982  0.001255  1.10095634  0.00138170021
  41.1199989  0.001211  1.1105216  0.00134484166
  41.3199997  0.001168  1.12008696  0.00130826156
  41.5099983  0.001126  1.12917376  0.00127144965
  41.7099991  0.001087  1.13873901  0.00123780931
  41.9099998  0.001048  1.14830437  0.00120342298
  42.0999985  0.001011  1.15739117  0.00117012247
  42.2999992  0.0009755  1.16695652  0.00113836609
  42.5  0.0009411  1.17652178  0.00110722465
  42.6899986  0.0009078  1.18560858  0.00107629547
  42.8899994  0.0008758  1.19517384  0.00104673325
  43.0900002  0.0008449  1.20473909  0.00101788406
  43.2799988  0.0008151  1.21415997  0.000989661788
  43.4799995  0.0007863  1.22455997  0.000962871508
  43.6800003  0.0007585  1.23495998  0.000936717148
  43.8699989  0.0007318  1.24483986  0.000910973809
  44.0699997  0.000706  1.25523996  0.000886199414
  44.2700005  0.0006811  1.26564007  0.00086202745
  44.4599991  0.000657  1.27551994  0.000838016603
  44.6599998  0.0006339  1.28591995  0.000815144658
  44.8600006  0.0006115  1.29631996  0.000792699656
  45.0499992  0.00059  1.30620003  0.000770658016
  45.25  0.0005692  1.31659994  0.000749408687
  45.4500008  0.0005491  1.32700005  0.000728655725
  45.6399994  0.0005297  1.33687992  0.000708145294
  45.8400002  0.0005111  1.34727993  0.000688594772
  46.0400009  0.0004931  1.35767994  0.000669471978
  46.2299995  0.0004757  1.36756001  0.000650548294
  46.4300003  0.0004589  1.37796001  0.000632345851
  46.6300011  0.0004428  1.38836002  0.000614765818
  46.8199997  0.0004272  1.3982399  0.000597328085
  47.0200005  0.0004121  1.40863991  0.000580500506
  47.2200012  0.0003976  1.41904001  0.000564210309
  47.4099998  0.0003836  1.42891998  0.000548133705
  47.6100006  0.0003701  1.43931999  0.000532692329
  47.8100014  0.0003571  1.44972  0.000517695012
  48.  0.0003445  1.45959997  0.00050283219
  48.2000008  0.0003324  1.46999998  0.000488627994
  48.4000015  0.0003207  1.48054543  0.000474810918
  48.5900002  0.0003094  1.49056358  0.000461180373
  48.7900009  0.0002985  1.50110912  0.000448081073
  48.9900017  0.000288  1.51165457  0.000435356516
  49.1800003  0.0002779  1.52167263  0.000422872824
  49.3800011  0.0002681  1.53221817  0.000410787691
  49.5800018  0.0002586  1.54276371  0.000398958695
  49.7700005  0.0002495  1.55278177  0.000387419052
  49.9700012  0.0002408  1.56332731  0.000376449217
  50.1699982  0.0002323  1.57387257  0.000365610597
  50.3600006  0.0002241  1.58389091  0.000354949954
  50.5600014  0.0002162  1.59443645  0.000344717162
  50.7599983  0.0002086  1.6049818  0.000334799204
  50.9500008  0.0002013  1.61499996  0.000325099492
  51.1500015  0.0001942  1.6255455  0.000315680936
  51.3499985  0.0001874  1.63609085  0.000306603425
  51.5400009  0.0001808  1.64610901  0.000297616509
  51.7400017  0.0001744  1.65665455  0.000288920553
  51.9399986  0.0001683  1.6671999  0.000280589743
  52.1300011  0.0001624  1.67721825  0.000272380243
  52.3300018  0.0001567  1.68776379  0.000264472585
  52.5299988  0.0001512  1.69830894  0.000256784312
  52.7200012  0.0001459  1.70832729  0.000249244952
  52.9199982  0.0001407  1.71887264  0.000241845381
  53.1199989  0.0001358  1.72941818  0.000234854989
  53.3100014  0.000131  1.73943653  0.000227866186
  53.5099983  0.0001264  1.74998169  0.000221197686
  53.7099991  0.000122  1.7605484  0.000214786905
  53.9000015  0.0001177  1.77096786  0.000208442918
  54.0999985  0.0001135  1.7819355  0.000202249679
  54.2999992  0.0001096  1.79290314  0.000196502184
  54.4900017  0.0001057  1.80332279  0.000190611219
  54.6899986  0.000102  1.81429024  0.000185057604
  54.8899994  9.841E-05  1.82525806  0.000179623646
  55.0800018  9.495E-05  1.83567753  0.000174297581
  55.2799988  9.161E-05  1.84664497  0.000169171146
  55.4799995  8.839E-05  1.85761299  0.000164194412
  55.6699982  8.529E-05  1.86803207  0.000159324456
  55.8699989  8.229E-05  1.8789999  0.000154622902
  56.0699997  7.94E-05  1.88996773  0.000150063438
  56.2599983  7.661E-05  1.900387  0.000145588648
  56.4599991  7.392E-05  1.91135483  0.000141287349
  56.6599998  7.132E-05  1.92232246  0.000137100038
  56.8499985  6.882E-05  1.93274193  0.000133011299
  57.0499992  6.64E-05  1.94370956  0.000129062315
  57.25  6.407E-05  1.95467739  0.00012523618
  57.4399986  6.182E-05  1.96509666  0.000121482276
  57.6399994  5.965E-05  1.9760643  0.000117872236
  57.8400002  5.755E-05  1.98703232  0.00011435371
  58.0299988  5.553E-05  1.99745159  0.000110918487
  58.2299995  5.358E-05  2.00841923  0.000107611102
  58.4300003  5.17E-05  2.01938705  0.000104402311
  58.6199989  4.988E-05  2.02980614  0.00010124673
  58.8199997  4.813E-05  2.04077415  9.82224601E-05
  59.0200005  4.644E-05  2.05174198  9.52828976E-05
  59.2099991  4.481E-05  2.06216106  9.24054373E-05
  59.4099998  4.324E-05  2.07312889  8.96420932E-05
  59.6100006  4.172E-05  2.08409672  8.69485151E-05
  59.7999992  4.025E-05  2.09451599  8.43042686E-05
  60.  3.884E-05  2.10571423  8.17859405E-05
  60.1969986  3.74573E-05  2.11697121  7.92960256E-05
  60.3930016  3.61305E-05  2.12817135  7.68918949E-05
  60.5900002  3.48443E-05  2.13942852  7.45468892E-05
  60.7869987  3.36039E-05  2.1506855  7.22714205E-05
  60.9830017  3.24136E-05  2.16188583  7.00745027E-05
  61.1800003  3.12597E-05  2.17314281  6.79317924E-05
  61.3769989  3.01469E-05  2.1843998  6.58528822E-05
  61.5730019  2.90791E-05  2.19559994  6.38460701E-05
  61.7700005  2.80439E-05  2.20685711  6.18888801E-05
  61.9669991  2.70456E-05  2.21811409  5.99902264E-05
  62.1629982  2.60876E-05  2.22931404  5.8157453E-05
  62.3600006  2.51589E-05  2.2405714  5.63703119E-05
  62.5569992  2.42632E-05  2.25182838  5.46365625E-05
  62.7529984  2.34038E-05  2.26302834  5.29634626E-05
  62.9500008  2.25707E-05  2.2742857  5.13322202E-05
  63.1469994  2.17672E-05  2.28554268  4.97498646E-05
  63.3429985  2.09961E-05  2.29674263  4.82226379E-05
  63.5400009  2.02487E-05  2.30799999  4.67339994E-05
  63.7369995  1.95279E-05  2.31925697  4.52902182E-05
  63.9329987  1.88362E-05  2.33045692  4.38969527E-05
  64.1299973  1.81656E-05  2.3417141  4.25386416E-05
  64.3270035  1.75189E-05  2.35297146  4.12214717E-05
  64.5230026  1.68984E-05  2.36417141  3.99507141E-05
  64.7200012  1.62968E-05  2.37542858  3.87118845E-05
  64.9169998  1.57167E-05  2.38668556  3.7510821E-05
  65.112999  1.516E-05  2.39788551  3.63519444E-05
  65.3099976  1.46203E-05  2.40914268  3.52223888E-05
  65.5070038  1.40998E-05  2.42040005  3.41271566E-05
  65.7030029  1.36004E-05  2.4316  3.30707326E-05
  65.9000015  1.31162E-05  2.44285717  3.20410032E-05
  66.0970001  1.26493E-05  2.45411415  3.10428261E-05
  66.2929993  1.22013E-05  2.4653141  3.0080037E-05
  66.4899979  1.17669E-05  2.47657127  2.91415665E-05
  66.6869965  1.1348E-05  2.48782825  2.8231875E-05
  66.8830032  1.09461E-05  2.49902859  2.73546168E-05
  67.0800018  1.05564E-05  2.51075344  2.65045176E-05
  67.2770004  1.01806E-05  2.52252197  2.56807872E-05
  67.4729996  9.81998E-06  2.53423119  2.48860996E-05
  67.6699982  9.4704E-06  2.54599972  2.41116357E-05
  67.8669968  9.13326E-06  2.55776863  2.33607659E-05
  68.0630035  8.80975E-06  2.56947803  2.26364591E-05
  68.2600021  8.49613E-06  2.58124676  2.1930608E-05
  68.4570007  8.19368E-06  2.59301548  2.12463391E-05
  68.6529999  7.90344E-06  2.60472469  2.05862853E-05
  68.8499985  7.62209E-06  2.61649342  1.99431483E-05
  69.0500031  7.3467E-06  2.62844181  1.93103734E-05
  69.2399979  7.09429E-06  2.63979206  1.87274504E-05
  69.4400024  6.83797E-06  2.65174026  1.81325204E-05
  69.6399994  6.5909E-06  2.66368828  1.75561031E-05
  69.8300018  6.36447E-06  2.6750391  1.70252061E-05
  70.0299988  6.13451E-06  2.68698692  1.64833482E-05
  70.2300034  5.91287E-06  2.69893532  1.59584537E-05
  70.4199982  5.70972E-06  2.71028557  1.54749717E-05
  70.6200027  5.50343E-06  2.72223396  1.49816241E-05
  70.8199997  5.30458E-06  2.73418198  1.4503687E-05
  71.0100021  5.12234E-06  2.74553261  1.40635515E-05
  71.2099991  4.93726E-06  2.75748062  1.36143988E-05
  71.4100037  4.75887E-06  2.76942883  1.31793518E-05
  71.5999985  4.59538E-06  2.78077908  1.27787365E-05
  71.8000031  4.42934E-06  2.79272766  1.23699403E-05
  72.  4.2693E-06  2.80467529  1.19740002E-05
  72.1900024  4.12263E-06  2.81602612  1.16094337E-05
  72.3899994  3.97367E-06  2.82797413  1.1237436E-05
  72.5899963  3.8301E-06  2.83992195  1.08771851E-05
  72.7799988  3.69851E-06  2.85127258  1.05454602E-05
  72.9800034  3.56488E-06  2.86322117  1.02070399E-05
  73.1800003  3.43608E-06  2.87516899  9.87931067E-06
  73.3700027  3.31803E-06  2.88651962  9.5775587E-06
  73.5699997  3.19814E-06  2.89846764  9.26970529E-06
  73.7699966  3.08259E-06  2.91041546  8.97161759E-06
  73.9599991  2.97669E-06  2.92176628  8.69719247E-06
  74.1600037  2.86914E-06  2.93371468  8.41723813E-06
  74.3600006  2.76547E-06  2.9456625  8.14614127E-06
  74.5500031  2.67046E-06  2.95701332  7.89658579E-06
  74.75  2.57397E-06  2.96906986  7.64229675E-06
  74.9499969  2.48097E-06  2.98116264  7.39617508E-06
  75.1399994  2.39574E-06  2.99265118  7.16961413E-06
  75.3399963  2.30918E-06  3.00474396  6.93849465E-06
  75.5400009  2.22574E-06  3.0168375  6.7146959E-06
  75.7300034  2.14928E-06  3.02832584  6.50872017E-06
  75.9300003  2.07162E-06  3.04041862  6.29859203E-06
  76.1299973  1.99677E-06  3.0525116  6.09516358E-06
  76.3199997  1.92817E-06  3.06400013  5.90791313E-06
  76.5199966  1.8585E-06  3.07609291  5.71691867E-06
  76.7200012  1.79135E-06  3.08818626  5.53202246E-06
  76.9100037  1.72981E-06  3.0996748  5.36184846E-06
  77.1100006  1.66731E-06  3.11176758  5.1882812E-06
  77.3099976  1.60707E-06  3.12386055  5.02026257E-06
  77.5  1.55185E-06  3.13534889  4.86559118E-06
  77.6999969  1.49578E-06  3.14744186  4.70788059E-06
  77.9000015  1.44174E-06  3.15953503  4.55522803E-06
  78.0899963  1.39221E-06  3.17102318  4.41473018E-06
  78.2900009  1.34191E-06  3.18311653  4.2714559E-06
  78.4899979  1.29342E-06  3.19520912  4.13274738E-06
  78.6800003  1.24898E-06  3.20669785  4.00510148E-06
  78.8799973  1.20386E-06  3.21879044  3.87497305E-06
  79.0800018  1.16036E-06  3.23088379  3.74898831E-06
  79.2699966  1.1205E-06  3.24237213  3.63307797E-06
  79.4700012  1.08001E-06  3.25446548  3.51485527E-06
  79.6699982  1.04099E-06  3.26655807  3.40045429E-06
  79.8600006  1.00522E-06  3.2780468  3.2951582E-06
  80.0599976  9.68905E-07  3.29013939  3.1878325E-06
  80.2600021  9.33897E-07  3.30223274  3.08394525E-06
  80.4499969  9.01812E-07  3.3137207  2.98835309E-06
  80.6500015  8.69229E-07  3.32581406  2.89089403E-06
  80.8499985  8.37822E-07  3.33790703  2.79657194E-06
  81.0400009  8.09038E-07  3.34939537  2.70978813E-06
  81.2399979  7.79807E-07  3.36148834  2.62131214E-06
  81.4400024  7.51631E-07  3.3735817  2.53568858E-06
  81.6299973  7.25808E-07  3.38506966  2.45691064E-06
  81.8300018  6.99584E-07  3.39716301  2.37660089E-06
  82.0299988  6.74307E-07  3.40925598  2.29888517E-06
  82.2200012  6.51141E-07  3.42074432  2.22738688E-06
  82.4199982  6.27615E-07  3.4328373  2.15450018E-06
  82.6200027  6.04938E-07  3.44493065  2.08396946E-06
  82.8099976  5.84155E-07  3.45641861  2.01908421E-06
  83.0100021  5.63049E-07  3.46851196  1.95294219E-06
  83.2099991  5.42705E-07  3.48060837  1.88894356E-06
  83.4000015  5.2406E-07  3.49216537  1.83010419E-06
  83.5999985  5.05125E-07  3.50433006  1.77012472E-06
  83.8000031  4.86874E-07  3.51649513  1.71209005E-06
  83.9899979  4.70147E-07  3.52805138  1.65870277E-06
  84.1900024  4.5316E-07  3.54021683  1.60428466E-06
  84.3899994  4.36787E-07  3.55238152  1.55163407E-06
  84.5800018  4.21781E-07  3.56393814  1.50320139E-06
  84.7799988  4.06541E-07  3.57610283  1.45383242E-06
  84.9800034  3.91853E-07  3.58826828  1.40607369E-06
  85.1699982  3.7839E-07  3.59982491  1.36213775E-06
  85.3700027  3.64718E-07  3.61198997  1.31735776E-06
  85.5699997  3.51541E-07  3.62415466  1.27403895E-06
  85.7600021  3.39463E-07  3.63571167  1.23418959E-06
  85.9599991  3.27198E-07  3.64787636  1.19357785E-06
  86.1600037  3.15376E-07  3.66004143  1.15428923E-06
  86.3499985  3.04541E-07  3.67159805  1.11815214E-06
  86.5500031  2.93538E-07  3.68376312  1.08132446E-06
  86.75  2.82932E-07  3.69592781  1.04569625E-06
  86.9400024  2.73211E-07  3.70748482  1.01292563E-06
  87.1399994  2.6334E-07  3.71964951  9.79532501E-07
  87.3399963  2.53825E-07  3.73181419  9.47227738E-07
  87.5299988  2.45105E-07  3.7433712  9.17518998E-07
  87.7300034  2.36249E-07  3.75553627  8.87241688E-07
  87.9300003  2.27713E-07  3.76770096  8.57954488E-07
  88.1200027  2.1989E-07  3.77925797  8.31021034E-07
  88.3199997  2.11945E-07  3.79142265  8.03573074E-07
  88.5199966  2.04287E-07  3.80358734  7.77023447E-07
  88.7099991  1.97269E-07  3.81514435  7.5260971E-07
  88.9100037  1.90141E-07  3.82730942  7.2772844E-07
  89.1100006  1.83271E-07  3.83947411  7.03664259E-07
  89.3000031  1.76975E-07  3.85103111  6.81536231E-07
  89.5  1.7058E-07  3.8631958  6.5898394E-07
  89.6999969  1.64417E-07  3.87536087  6.37175208E-07
  89.8899994  1.58768E-07  3.8869175  6.17118117E-07
  90.0899963  1.53032E-07  3.89908218  5.96684345E-07
  90.2900009  1.47503E-07  3.91124763  5.7692076E-07
  90.4800034  1.42435E-07  3.92280426  5.58744625E-07
  90.6800003  1.37289E-07  3.93496895  5.40227952E-07
  90.8799973  1.32328E-07  3.94713364  5.223163E-07
  91.0699997  1.27782E-07  3.95869064  5.05849408E-07
  91.2699966  1.23165E-07  3.97085571  4.89070444E-07
  91.4700012  1.18715E-07  3.98302078  4.72844312E-07
  91.6600037  1.14636E-07  3.99457741  4.57922376E-07
  91.8600006  1.10495E-07  4.00674248  4.4272501E-07
  92.0599976  1.06502E-07  4.01890678  4.2802161E-07
  92.25  1.02843E-07  4.03046379  4.14504988E-07
  92.4499969  9.91274E-08  4.04262848  4.0073525E-07
  92.6500015  9.55458E-08  4.05479393  3.8741853E-07
  92.8399963  9.22633E-08  4.06635056  3.75174921E-07
  93.0400009  8.89297E-08  4.07832413  3.62684141E-07
  93.2399979  8.57165E-08  4.09021606  3.50599005E-07
  93.4300003  8.27717E-08  4.10151367  3.39489259E-07
  93.6299973  7.97811E-08  4.11340523  3.28171994E-07
  93.8300018  7.68984E-08  4.12529755  3.17228781E-07
  94.0199966  7.42565E-08  4.13659439  3.07169021E-07
  94.2200012  7.15736E-08  4.14848633  2.96922101E-07
  94.4199982  6.89876E-08  4.16037827  2.87014512E-07
  94.6100006  6.66174E-08  4.17167587  2.779062E-07
  94.8099976  6.42104E-08  4.18356743  2.68628538E-07
  95.0100021  6.18905E-08  4.19545937  2.59659078E-07
  95.1999969  5.97642E-08  4.20675659  2.51413442E-07
  95.4000015  5.76048E-08  4.21864853  2.43014405E-07
  95.5999985  5.55235E-08  4.23054047  2.34894414E-07
  95.7900009  5.36159E-08  4.24183769  2.27429946E-07
  95.9899979  5.16787E-08  4.25372925  2.19827198E-07
  96.1900024  4.98115E-08  4.26562195  2.12477028E-07
  96.3799973  4.81002E-08  4.27691879  2.05720649E-07
  96.5800018  4.63623E-08  4.28881073  1.9883913E-07
  96.7799988  4.46872E-08  4.30070267  1.9218636E-07
  96.9700012  4.31519E-08  4.31200027  1.86071005E-07
  97.1699982  4.15928E-08  4.32389183  1.79842768E-07
  97.3700027  4.009E-08  4.33578415  1.73821587E-07
  97.5599976  3.87126E-08  4.34708099  1.68286808E-07
  97.7600021  3.73139E-08  4.35897293  1.6265028E-07
  97.9599991  3.59657E-08  4.37086487  1.57201215E-07
  98.1500015  3.47301E-08  4.38216209  1.52192928E-07
  98.3499985  3.34752E-08  4.39405403  1.47091838E-07
  98.5500031  3.22658E-08  4.40594635  1.42161384E-07
  98.7399979  3.11572E-08  4.41724319  1.3762893E-07
  98.9400024  3.00315E-08  4.42913513  1.33013572E-07
  99.1399994  2.89464E-08  4.44102707  1.28551746E-07
  99.3300018  2.79519E-08  4.45232468  1.24450934E-07
  99.5299988  2.6942E-08  4.46421585  1.20274903E-07
  99.7300034  2.59686E-08  4.47610817  1.16238263E-07
  99.9199982  2.50764E-08  4.4874054  1.12527973E-07
  100.120003  2.41703E-08  4.49929733  1.08749366E-07
  100.32  2.3297E-08  4.51118927  1.05097176E-07
  100.510002  2.24966E-08  4.5224865  1.0174057E-07
  100.709999  2.16838E-08  4.53437805  9.83225468E-08
  100.910004  2.09004E-08  4.54627037  9.50188693E-08
  101.099998  2.01823E-08  4.5575676  9.19821965E-08
  101.300003  1.94531E-08  4.56945953  8.88901533E-08
