  2.18000007  0.647072  0.  0.
  2.4749999  0.821051  0.  0.
  2.76999998  0.964686  0.  0.
  3.06500006  1.07718  0.  0.
  3.3599999  1.16219  0.00394666642  0.00458677625
  3.65499997  1.22357  0.00516402386  0.00631854468
  3.95000005  1.26425  0.00651045442  0.008230842
  4.24499989  1.28726  0.00808602273  0.0104088136
  4.53999996  1.29527  0.009799999  0.0126936447
  4.83500004  1.29082  0.0115699992  0.0149347863
  5.13000011  1.27503  0.013619642  0.0173654521
  5.42500019  1.24958  0.0157016143  0.0196204232
  5.71999979  1.2176  0.0180806428  0.0220149907
  6.01499987  1.18071  0.0204596773  0.0241569456
  6.30999994  1.14017  0.0231514275  0.0263965631
  6.60500002  1.09703  0.0258485734  0.0283566605
  6.9000001  1.05215  0.0287701339  0.0302704963
  7.19500017  1.00627  0.0318350703  0.0320346761
  7.48999977  0.959981  0.0349000007  0.0335033376
  7.78499985  0.913796  0.0383586228  0.0350519561
  8.07999992  0.868125  0.0418172449  0.0363025957
  8.375  0.823313  0.0452914953  0.0372890769
  8.67000008  0.779621  0.0490574479  0.0382462166
  8.96500015  0.737262  0.0529926479  0.0390694656
  9.26000023  0.696388  0.0571284294  0.0397835527
  9.55500031  0.657111  0.0612642169  0.0402573908
  9.85000038  0.619507  0.0653999984  0.0405157568
  10.1450005  0.583615  0.0699660897  0.0408332595
  10.4399996  0.549451  0.0745321631  0.0409517716
  10.7349997  0.517005  0.0790982544  0.040894193
  11.0299997  0.486256  0.0837030709  0.0407011204
  11.3249998  0.457168  0.0886499941  0.0405279405
  11.6199999  0.429691  0.0935969234  0.0402177556
  11.915  0.403763  0.0985438406  0.0397883567
  12.21  0.379337  0.103490758  0.0392578736
  12.5050001  0.356349  0.109099996  0.0388776745
  12.8000002  0.334735  0.11500001  0.0384945282
  13.0950003  0.314427  0.120900011  0.0380142278
  13.3900003  0.295359  0.126800013  0.0374515249
  13.6850004  0.277461  0.132700014  0.0368190786
  13.9799995  0.26067  0.138950002  0.0362200971
  14.2749996  0.244921  0.145218754  0.0355671224
  14.5699997  0.230153  0.151487494  0.0348653011
  14.8649998  0.216307  0.157756233  0.0341237775
  15.1599998  0.203326  0.164024997  0.0333505465
  15.4549999  0.191157  0.170829403  0.0326552363
  15.75  0.179747  0.178117633  0.0320161102
  16.0450001  0.169048  0.185405874  0.0313424922
  16.3400002  0.159016  0.192694104  0.0306414456
  16.6350002  0.149606  0.199982357  0.0299185605
  16.9300003  0.14078  0.207270575  0.0291795515
  17.2250004  0.132499  0.214849997  0.0284674097
  17.5200005  0.124728  0.222520018  0.0277544768
  17.8150005  0.117436  0.230189991  0.0270325918
  18.1100006  0.11059  0.237860012  0.0263049387
  18.4050007  0.104164  0.245530009  0.0255753879
  18.7000008  0.0981299  0.253200006  0.0248464913
  18.9950008  0.0924629  0.260870028  0.0241207993
  19.2900009  0.0871396  0.269304562  0.0234670918
  19.5849991  0.0821382  0.277752209  0.0228140665
  19.8799992  0.0774395  0.286199951  0.0221631811
  20.1749992  0.0730256  0.294647694  0.0215168246
  20.4699993  0.0688777  0.303095436  0.0208765165
  20.7649994  0.0649778  0.311543131  0.0202433872
  21.0599995  0.061313  0.319990873  0.0196196004
  21.3549995  0.0578665  0.328972888  0.0190365096
  21.6499996  0.0546265  0.338437486  0.0184876553
  21.9449997  0.0515789  0.34790206  0.0179444055
  22.2399998  0.0487119  0.357366657  0.0174080089
  22.5349998  0.0460139  0.366831231  0.0168793356
  22.8299999  0.043475  0.376295829  0.0163594612
  23.125  0.0410858  0.385760427  0.0158492757
  23.4200001  0.038836  0.395225  0.0153489581
  23.7150002  0.0367174  0.404860735  0.0148654335
  24.0100002  0.0347226  0.414764309  0.0144016952
  24.3050003  0.0328435  0.424667883  0.0139475796
  24.6000004  0.0310727  0.434571457  0.0135033085
  24.8950005  0.0294024  0.444475031  0.0130686326
  25.1900005  0.0278291  0.454378605  0.0126449476
  25.4850006  0.0263443  0.464282179  0.012231189
  25.7800007  0.0249429  0.474185753  0.0118275678
  26.0750008  0.0236223  0.484089327  0.0114353033
  26.3700008  0.0223751  0.493992853  0.0110531395
  26.6650009  0.0211985  0.505310202  0.0107118183
  26.9599991  0.0200868  0.516787481  0.0103806068
  27.2549992  0.019037  0.528264809  0.0100565772
  27.5499992  0.0180452  0.539742184  0.00973975565
  27.8449993  0.017107  0.551219511  0.00942971218
  28.1399994  0.016221  0.562696838  0.00912750542
  28.4349995  0.015384  0.574174213  0.0088330961
  28.7299995  0.0145922  0.585651541  0.00854594441
  29.0249996  0.0138432  0.597128916  0.00826617501
  29.3199997  0.0131355  0.608606243  0.00799434731
  29.6149998  0.012465  0.620083618  0.0077293423
  29.9099998  0.0118314  0.631560946  0.00747225017
  30.2049999  0.0112313  0.643038273  0.00722215575
  30.5  0.010664  0.654515648  0.00697975487
  30.7950001  0.0101262  0.665993023  0.00674397855
  31.0900002  0.0096176  0.67747035  0.00651563884
  31.3850002  0.00913536  0.688947678  0.00629378506
  31.6800003  0.00867814  0.700425053  0.00607838667
  31.9750004  0.00824576  0.71190238  0.00587017617
  32.2700005  0.00783558  0.723379707  0.00566809957
  32.5649986  0.00744811  0.734857035  0.00547329603
  32.8600006  0.00708036  0.746589518  0.00528612256
  33.1549988  0.00673122  0.759321022  0.00511115685
  33.4500008  0.00639989  0.772052765  0.00494105277
  33.7449989  0.00608676  0.784784222  0.00477679321
  34.0400009  0.00578905  0.797515869  0.00461685924
  34.3349991  0.00550757  0.810247421  0.00446249439
  34.6300011  0.00523879  0.822978973  0.00431141402
  34.9249992  0.0049847  0.835710526  0.00416576626
  35.2200012  0.00474458  0.848442173  0.00402550177
  35.5149994  0.00451498  0.861173725  0.00388818215
  35.8100014  0.00429803  0.873905373  0.00375607151
  36.1049995  0.00409177  0.886636829  0.00362791398
  36.4000015  0.00389685  0.899368572  0.00350470442
  36.6949997  0.00371017  0.91224184  0.00338457231
  36.9900017  0.00353382  0.925414085  0.0032702468
  37.2849998  0.00336724  0.938586044  0.00316044447
  37.5800018  0.00320745  0.951758289  0.00305271713
  37.875  0.00305534  0.964930248  0.00294818998
  38.1699982  0.00291173  0.978102303  0.00284796982
  38.4650002  0.00277498  0.991274452  0.00275076678
  38.7599983  0.00264585  1.00444641  0.00265761454
  39.0550003  0.00252169  1.01761856  0.00256611855
  39.3499985  0.00240446  1.03079062  0.0024784948
  39.6450005  0.00229277  1.04396276  0.00239356651
  39.9399986  0.00218632  1.05713472  0.00231123479
  40.2350006  0.00208486  1.07030697  0.00223144019
  40.5299988  0.00198811  1.08347902  0.00215407548
  40.8250008  0.0018968  1.09665117  0.00208012794
  41.1199989  0.0018097  1.1105216  0.00200971094
  41.4150009  0.0017266  1.12463045  0.00194178694
  41.7099991  0.00164731  1.13873901  0.00187585616
  42.0050011  0.00157162  1.15284786  0.00181183876
  42.2999992  0.00150024  1.16695652  0.00175071485
  42.5950012  0.00143122  1.18106527  0.00169036424
  42.8899994  0.00136617  1.19517384  0.00163281064
  43.1850014  0.00130405  1.20928268  0.00157696508
  43.4799995  0.00124474  1.22455997  0.00152425878
  43.7750015  0.00118807  1.23990011  0.00147308813
  44.0699997  0.00113468  1.25523996  0.00142429568
  44.3650017  0.00108288  1.2705801  0.00137588578
  44.6599998  0.00103416  1.28591995  0.00132984698
  44.9550018  0.000986844  1.30126019  0.00128414081
  45.25  0.000942335  1.31659994  0.00124067821
  45.5449982  0.000899728  1.33193989  0.00119838361
  45.8400002  0.000859669  1.34727993  0.00115821479
  46.1349983  0.000820656  1.36261988  0.00111824218
  46.4300003  0.000783315  1.37796001  0.00107937675
  46.7249985  0.000748255  1.39329996  0.00104254366
  47.0200005  0.000714727  1.40863991  0.00100679298
  47.3149986  0.000682003  1.42397995  0.000971158598
  47.6100006  0.000651319  1.43931999  0.000937456458
  47.9049988  0.000621932  1.45465984  0.000904699506
  48.2000008  0.000593776  1.46999998  0.000872850709
  48.4949989  0.000567384  1.4855545  0.000842879857
  48.7900009  0.000541494  1.50110912  0.000812841584
  49.0849991  0.000516688  1.51666355  0.000783641857
  49.3800011  0.000493507  1.53221817  0.000756160393
  49.6749992  0.000471316  1.5477726  0.00072948999
  49.9700012  0.000449492  1.56332731  0.00070270312
  50.2649994  0.000429103  1.57888174  0.000677502892
  50.5600014  0.000409531  1.59443645  0.000652971156
  50.8549995  0.000390782  1.60999088  0.000629155457
  51.1500015  0.000372837  1.6255455  0.000606063508
  51.4449997  0.000355597  1.64109993  0.000583570212
  51.7400017  0.000339553  1.65665455  0.000562522022
  52.0349998  0.000323696  1.67220898  0.000541287357
  52.3300018  0.000308983  1.68776379  0.000521490318
  52.625  0.000294383  1.70331821  0.000501427926
  52.9199982  0.000280817  1.71887264  0.000482688659
  53.2150002  0.000267781  1.73442726  0.000464446666
  53.5099983  0.00025482  1.74998169  0.000445930334
  53.8050003  0.000242835  1.76575813  0.000428787876
  54.0999985  0.000231327  1.7819355  0.000412209794
  54.3950005  0.000220277  1.79811287  0.000396082909
  54.6899986  0.000209667  1.81429024  0.000380396791
  54.9850006  0.00019948  1.8304678  0.000365141716
  55.2799988  0.000190123  1.84664497  0.000351089682
  55.5750008  0.00018072  1.86282253  0.000336649288
  55.8699989  0.000171686  1.8789999  0.000322597977
  56.1650009  0.000163418  1.89517746  0.00030970611
  56.4599991  0.00015507  1.91135483  0.000296393793
  56.7550011  0.000147446  1.9275322  0.000284206912
  57.0499992  0.000140125  1.94370956  0.000272362303
  57.3450012  0.000132704  1.95988712  0.000260084861
  57.6399994  0.000125955  1.9760643  0.000248895179
  57.9350014  0.000119472  1.99224186  0.000238017119
  58.2299995  0.000113243  2.00841923  0.000227439419
  58.5250015  0.000107256  2.02459679  0.000217150153
  58.8199997  0.0001015  2.04077415  0.000207138577
  59.1150017  9.59665E-05  2.05695171  0.000197398457
  59.4099998  9.06454E-05  2.07312889  0.000187919598
  59.7050018  8.58852E-05  2.08930664  0.000179440519
  60.  8.17084E-05  2.10571423  0.00017205454
  60.2949982  7.77347E-05  2.12257118  0.000164997434
  60.5900002  7.39542E-05  2.13942852  0.000158219725
  60.8849983  7.03576E-05  2.15628548  0.000151711071
  61.1800003  6.6936E-05  2.17314281  0.000145461487
  61.4749985  6.36807E-05  2.18999977  0.000139460718
  61.7700005  6.05837E-05  2.20685711  0.000133699569
  62.0649986  5.76374E-05  2.22371407  0.000128169097
  62.3600006  5.48343E-05  2.2405714  0.000122860165
  62.6549988  5.21676E-05  2.25742836  0.00011776462
  62.9500008  4.96305E-05  2.2742857  0.000112873936
  63.2449989  4.72169E-05  2.29114265  0.000108180654
  63.5400009  4.49206E-05  2.30799999  0.000103676744
  63.8349991  4.2736E-05  2.32485695  9.93550866E-05
  64.1299973  4.06576E-05  2.3417141  9.5208475E-05
  64.4250031  3.86803E-05  2.35857143  9.12302506E-05
  64.7200012  3.67992E-05  2.37542858  8.74138714E-05
  65.0149994  3.50096E-05  2.39228554  8.37529598E-05
  65.3099976  3.3307E-05  2.40914268  8.02413154E-05
  65.6050034  3.16872E-05  2.42600002  7.68731479E-05
  65.9000015  3.01461E-05  2.44285717  7.36426165E-05
  66.1949997  2.868E-05  2.45971413  7.05446012E-05
  66.4899979  2.72853E-05  2.47657127  6.75739902E-05
  66.7850037  2.59583E-05  2.49342861  6.47251679E-05
  67.0800018  2.46959E-05  2.51075344  6.20053159E-05
  67.375  2.34949E-05  2.52837658  5.94039549E-05
  67.6699982  2.23522E-05  2.54599972  5.69086949E-05
  67.9649963  2.12652E-05  2.56362305  5.45159568E-05
  68.2600021  2.0231E-05  2.58124676  5.22212032E-05
  68.5550003  1.92471E-05  2.59887009  5.00207124E-05
  68.8499985  1.83111E-05  2.61649342  4.79108726E-05
  69.1449966  1.74206E-05  2.63411674  4.58878942E-05
  69.4400024  1.65734E-05  2.65174026  4.39483521E-05
  69.7350006  1.57674E-05  2.66936378  4.20889265E-05
  70.0299988  1.50005E-05  2.68698692  4.03061473E-05
  70.3249969  1.4271E-05  2.70461006  3.85974902E-05
  70.6200027  1.3577E-05  2.72223396  3.69597705E-05
  70.9150009  1.29167E-05  2.7398571  3.53899122E-05
  71.2099991  1.22885E-05  2.75748062  3.38853006E-05
  71.5049973  1.16909E-05  2.77510376  3.24434605E-05
  71.8000031  1.11223E-05  2.79272766  3.10615549E-05
  72.0950012  1.05814E-05  2.8103508  2.9737446E-05
  72.3899994  1.00668E-05  2.82797413  2.846865E-05
  72.6849976  9.57726E-06  2.84559746  2.72530267E-05
  72.9800034  9.11149E-06  2.86322117  2.6088211E-05
  73.2750015  8.66838E-06  2.8808445  2.49722548E-05
  73.5699997  8.24681E-06  2.89846764  2.39031119E-05
  73.8649979  7.84575E-06  2.91609097  2.28789207E-05
  74.1600037  7.46419E-06  2.93371468  2.18978037E-05
  74.4550018  7.10118E-06  2.95133801  2.09579824E-05
  74.75  6.75583E-06  2.96906986  2.00585312E-05
  75.0449982  6.42728E-06  2.98690701  1.91976877E-05
  75.3399963  6.1147E-06  3.00474396  1.83731079E-05
  75.6350021  5.81733E-06  3.02258148  1.75833539E-05
  75.9300003  5.53442E-06  3.04041862  1.68269536E-05
  76.2249985  5.26526E-06  3.05825596  1.61025128E-05
  76.5199966  5.0092E-06  3.07609291  1.54087646E-05
  76.8150024  4.76559E-06  3.09393044  1.47444039E-05
  77.1100006  4.53383E-06  3.11176758  1.41082252E-05
  77.4049988  4.31333E-06  3.12960472  1.34990179E-05
  77.6999969  4.10357E-06  3.14744186  1.2915748E-05
  77.9950027  3.904E-06  3.16527939  1.23572507E-05
  78.2900009  3.71414E-06  3.18311653  1.18225404E-05
  78.5849991  3.53351E-06  3.20095367  1.13106018E-05
  78.8799973  3.36167E-06  3.21879044  1.08205112E-05
  79.1750031  3.19818E-06  3.23662834  1.035132E-05
  79.4700012  3.04264E-06  3.25446548  9.90216686E-06
  79.7649994  2.89467E-06  3.27230225  9.47223514E-06
  80.0599976  2.7539E-06  3.29013939  9.06071486E-06
  80.3550034  2.61997E-06  3.30797691  8.66680027E-06
  80.6500015  2.49255E-06  3.32581406  8.28975783E-06
  80.9449997  2.37133E-06  3.3436512  7.9289004E-06
  81.2399979  2.25601E-06  3.36148834  7.58355132E-06
  81.5350037  2.14629E-06  3.37932587  7.25301331E-06
  81.8300018  2.04191E-06  3.39716301  6.93670112E-06
  82.125  1.94261E-06  3.41500015  6.63401345E-06
  82.4199982  1.84813E-06  3.4328373  6.34432959E-06
  82.7149963  1.75825E-06  3.45067444  6.06714833E-06
  83.0100021  1.67275E-06  3.46851196  5.80195339E-06
  83.3050003  1.5914E-06  3.48638687  5.54823607E-06
  83.5999985  1.514E-06  3.50433006  5.30555572E-06
  83.8949966  1.44037E-06  3.52227287  5.07337618E-06
  84.1900024  1.37032E-06  3.54021683  4.85122992E-06
  84.4850006  1.30368E-06  3.55816002  4.63870205E-06
  84.7799988  1.24028E-06  3.57610283  4.43536882E-06
  85.0749969  1.17996E-06  3.5940464  4.24083099E-06
  85.3700027  1.12258E-06  3.61198997  4.05474771E-06
  85.6650009  1.06798E-06  3.62993317  3.87669602E-06
  85.9599991  1.01604E-06  3.64787636  3.70638829E-06
  86.2549973  9.66631E-07  3.66581955  3.54349482E-06
  86.5500031  9.19621E-07  3.68376312  3.38766593E-06
  86.8450012  8.74898E-07  3.70170631  3.23861545E-06
  87.1399994  8.32349E-07  3.71964951  3.09604655E-06
  87.4349976  7.9187E-07  3.7375927  2.95968753E-06
  87.7300034  7.53359E-07  3.75553627  2.82926705E-06
  88.0250015  7.16721E-07  3.77347946  2.70453197E-06
  88.3199997  6.81865E-07  3.79142265  2.58523841E-06
  88.6149979  6.48704E-07  3.80936584  2.47115086E-06
  88.9100037  6.17156E-07  3.82730942  2.36204697E-06
  89.2050018  5.87142E-07  3.84525299  2.25770953E-06
  89.5  5.58588E-07  3.8631958  2.15793482E-06
  89.7949982  5.31422E-07  3.88113899  2.06252265E-06
  90.0899963  5.05578E-07  3.89908218  1.97129017E-06
  90.3850021  4.8099E-07  3.91702576  1.88405022E-06
  90.6800003  4.57598E-07  3.93496895  1.80063392E-06
  90.9749985  4.35344E-07  3.95291214  1.72087658E-06
  91.2699966  4.14172E-07  3.97085571  1.64461725E-06
  91.5650024  3.9403E-07  3.9887989  1.57170643E-06
  91.8600006  3.74867E-07  4.00674248  1.50199553E-06
  92.1549988  3.56636E-07  4.02468567  1.4353478E-06
  92.4499969  3.39292E-07  4.04262848  1.3716315E-06
  92.7450027  3.22791E-07  4.06057205  1.31071611E-06
  93.0400009  3.07093E-07  4.07832413  1.25242479E-06
  93.3349991  2.92159E-07  4.09586487  1.19664378E-06
  93.6299973  2.7795E-07  4.11340523  1.14332098E-06
  93.9250031  2.64433E-07  4.13094635  1.09235854E-06
  94.2200012  2.51573E-07  4.14848633  1.04364715E-06
  94.5149994  2.39338E-07  4.16602707  9.97088587E-07
  94.8099976  2.27698E-07  4.18356743  9.52589936E-07
  95.1050034  2.16625E-07  4.20110855  9.1006514E-07
  95.4000015  2.0609E-07  4.21864853  8.69421275E-07
  95.6949997  1.96067E-07  4.23618927  8.30576922E-07
  95.9899979  1.86532E-07  4.25372925  7.93456624E-07
  96.2850037  1.7746E-07  4.27127037  7.5797964E-07
  96.5800018  1.6883E-07  4.28881073  7.24079916E-07
  96.875  1.60619E-07  4.30635147  6.91681867E-07
  97.1699982  1.52808E-07  4.32389183  6.60725263E-07
  97.4649963  1.45377E-07  4.34143219  6.31144387E-07
  97.7600021  1.38306E-07  4.35897293  6.0287211E-07
  98.0550003  1.3158E-07  4.37651367  5.75861669E-07
  98.3499985  1.25181E-07  4.39405403  5.50052078E-07
  98.6449966  1.19093E-07  4.41159439  5.25390011E-07
  98.9400024  1.13301E-07  4.42913513  5.0182544E-07
  99.2350006  1.07791E-07  4.44667587  4.79311639E-07
  99.5299988  1.02549E-07  4.46421585  4.57800871E-07
  99.8249969  9.75619E-08  4.48175659  4.37248688E-07
  100.120003  9.28171E-08  4.49929733  4.1761173E-07
  100.415001  8.83033E-08  4.51683807  3.98851707E-07
  100.709999  8.40088E-08  4.53437805  3.80927659E-07
  101.004997  7.99232E-08  4.55191879  3.63803916E-07
  101.300003  7.60363E-08  4.56945953  3.47444796E-07
