  0.5  0.155857048  0.  0.
  0.600000024  0.216031423  0.  0.
  0.699999988  0.282786392  0.  0.
  0.800000012  0.354919241  0.  0.
  0.899999976  0.431301436  0.  0.
  1.  0.510883741  0.  0.
  1.10000002  0.592699697  0.  0.
  1.20000005  0.675867498  0.  0.
  1.29999995  0.759590406  0.  0.
  1.39999998  0.843155826  0.  0.
  1.5  0.925933235  0.  0.
  1.60000002  1.00737113  0.  0.
  1.70000005  1.08699319  0.  0.
  1.79999995  1.16439389  0.  0.
  1.89999998  1.23923358  0.  0.
  2.  1.31123346  0.  0.
  2.0999999  1.38017032  0.  0.
  2.20000005  1.44587127  0.  0.
  2.29999995  1.50820866  0.  0.
  2.4000001  1.5670951  0.  0.
  2.5  1.62247871  0.  0.
  2.5999999  1.67433869  0.  0.
  2.70000005  1.72268116  0.  0.
  2.79999995  1.76753535  0.  0.
  2.9000001  1.80895008  0.  0.
  3.  1.84699062  0.  0.
  3.0999999  1.8817358  0.  0.
  3.20000005  1.91327547  0.  0.
  3.29999995  1.94170826  0.00372000001  0.00722315475
  3.4000001  1.96713954  0.00409777798  0.00806090108
  3.5  1.98967971  0.00448731668  0.00892832294
  3.5999999  2.00944265  0.00492390171  0.00989429808
  3.70000005  2.02654442  0.00536048785  0.0108632668
  3.79999995  2.04110216  0.0057970725  0.0118324172
  3.9000001  2.05323305  0.00624340922  0.0128191742
  4.  2.06305361  0.00677749962  0.013982345
  4.0999999  2.07067892  0.00731159002  0.0151399553
  4.19999981  2.07622215  0.00784568116  0.016289377
  4.30000019  2.07979404  0.00837977454  0.0174282051
  4.4000001  2.08150257  0.00896000043  0.0186502639
  4.5  2.08145268  0.00955999941  0.0198986864
  4.5999999  2.079746  0.0101599991  0.0211302175
  4.69999981  2.07648076  0.0107599981  0.0223429291
  4.80000019  2.07175164  0.0113600001  0.0235350988
  4.9000001  2.0656497  0.0120178565  0.0248246818
  5.  2.05826238  0.0127142847  0.0261693338
  5.0999999  2.04967346  0.0134107128  0.0274875821
  5.19999981  2.03996312  0.0141071409  0.0287780471
  5.30000019  2.02920795  0.014803572  0.030039526
  5.4000001  2.01748107  0.0155000001  0.0312709568
  5.5  2.00485213  0.016306451  0.0326920229
  5.5999999  1.99138746  0.0171129018  0.034078418
  5.69999981  1.97715013  0.0179193527  0.0354292504
  5.80000019  1.96220008  0.018725808  0.0367437818
  5.9000001  1.94659419  0.0195322588  0.0380213814
  6.  1.93038642  0.0203387097  0.0392615689
  6.0999999  1.91362791  0.0212314278  0.0406290528
  6.19999981  1.8963671  0.0221457139  0.0419964031
  6.30000019  1.87864981  0.0230600014  0.0433216672
  6.4000001  1.86051938  0.0239742875  0.0446046266
  6.5  1.84201679  0.0248885721  0.0458451677
  6.5999999  1.82318072  0.0258028567  0.0470432709
  6.69999981  1.8040477  0.0267171413  0.0481989971
  6.80000019  1.78465216  0.0277311742  0.0494905001
  6.9000001  1.76502661  0.0287701339  0.0507800518
  7.  1.74520163  0.0298090935  0.0520228785
  7.0999999  1.72520605  0.0308480501  0.0532192426
  7.19999981  1.70506698  0.0318870127  0.0543694925
  7.30000019  1.68480993  0.0329259783  0.0554740153
  7.4000001  1.66445888  0.0339649409  0.0565332474
  7.5  1.64403633  0.035017243  0.0575696198
  7.5999999  1.62356343  0.0361896574  0.0587562045
  7.69999981  1.60306001  0.0373620689  0.0598936384
  7.80000019  1.58254464  0.0385344863  0.0609825447
  7.9000001  1.56203473  0.0397069007  0.0620235581
  8.  1.54154658  0.0408793122  0.063017364
  8.10000038  1.52109542  0.0420517325  0.0639646978
  8.19999981  1.50069548  0.043224138  0.0648662684
  8.30000019  1.48036003  0.0443965584  0.0657228906
  8.39999962  1.46010147  0.0456106365  0.0665961575
  8.5  1.43993133  0.0468872368  0.0675144015
  8.60000038  1.41986034  0.0481638372  0.0683859224
  8.69999981  1.39989847  0.0494404227  0.0692115721
  8.80000019  1.38005497  0.050717026  0.0699922837
  8.89999962  1.3603384  0.0520813644  0.0708482798
  9.  1.34075669  0.0534833312  0.071708134
  9.10000038  1.32131715  0.0548852921  0.0725208776
  9.19999981  1.30202652  0.0562872529  0.0732874961
  9.30000019  1.282891  0.0576892138  0.0740089732
  9.39999962  1.26391627  0.0590911686  0.0746862893
  9.5  1.24510752  0.0604931295  0.0753204503
  9.60000038  1.22646949  0.0618950963  0.075912447
  9.69999981  1.20800648  0.0632970512  0.0764632479
  9.80000019  1.18972239  0.064699018  0.0769738701
  9.89999962  1.17162072  0.0661738992  0.0775307115
  10.  1.15370463  0.0677217364  0.0781308807
  10.1000004  1.1359769  0.0692695677  0.078688629
  10.1999998  1.11843986  0.0708173871  0.0792049886
  10.3000002  1.10109601  0.0723652124  0.0796810464
  10.3999996  1.08394705  0.0739130318  0.0801178131
  10.5  1.06699462  0.0754608691  0.0805163412
  10.6000004  1.05024021  0.0770087004  0.0808776339
  10.6999998  1.03368464  0.0785565138  0.0812026614
  10.8000002  1.01732894  0.080104351  0.0814924745
  10.8999996  1.0011738  0.0816521704  0.0817480137
  11.  0.985219694  0.0832000017  0.0819702802
  11.1000004  0.969466913  0.0848769307  0.082285376
  11.1999998  0.95391557  0.0865538478  0.0825650631
  11.3000002  0.938565614  0.0882307708  0.0828103676
  11.3999996  0.923416836  0.0899076879  0.0830222727
  11.5  0.908468885  0.0915846169  0.0832017748
  11.6000004  0.893721271  0.0932615399  0.083349822
  11.6999998  0.879173379  0.094938457  0.083467364
  11.8000002  0.864824472  0.096615386  0.0835553502
  11.8999996  0.850673706  0.0982922971  0.0836146727
  12.  0.83672013  0.0999692261  0.0836462639
  12.1000004  0.822962697  0.101646161  0.0836509989
  12.1999998  0.809400273  0.103323066  0.083629718
  12.3000002  0.796031636  0.104999995  0.083583318
  12.3999996  0.78285549  0.106999981  0.0837655229
  12.5  0.769870467  0.108999991  0.0839158742
  12.6000004  0.757075131  0.111000001  0.0840353406
  12.6999998  0.744467987  0.112999988  0.0841248733
  12.8000002  0.732047483  0.11500001  0.0841854675
  12.8999996  0.719812015  0.116999996  0.0842180027
  13.  0.707759932  0.119000006  0.084223436
  13.1000004  0.695889541  0.121000004  0.0842026371
  13.1999998  0.684199108  0.123000002  0.0841564916
  13.3000002  0.672686865  0.125  0.0840858581
  13.3999996  0.661351011  0.126999998  0.0839915772
  13.5  0.650189718  0.128999996  0.0838744711
  13.6000004  0.63920113  0.131000018  0.0837353596
  13.6999998  0.62838337  0.133000004  0.0835749909
  13.8000002  0.617734542  0.135125005  0.0834713832
  13.8999996  0.607252732  0.137249994  0.083345434
  14.  0.596936011  0.139375007  0.0831979608
  14.1000004  0.586782438  0.14150002  0.0830297267
  14.1999998  0.576790063  0.143624997  0.0828414711
  14.3000002  0.566956927  0.14575001  0.0826339778
  14.3999996  0.557281066  0.147874999  0.0824079371
  14.5  0.54776051  0.15  0.0821640766
  14.6000004  0.53839329  0.152125013  0.0819030862
  14.6999998  0.529177434  0.154250002  0.0816256201
  14.8000002  0.52011097  0.156375003  0.0813323544
  14.8999996  0.511191931  0.15849998  0.0810239108
  15.  0.502418353  0.160624993  0.0807009443
  15.1000004  0.493788275  0.162750006  0.0803640446
  15.1999998  0.485299745  0.164874995  0.0800137929
  15.3000002  0.476950816  0.166999996  0.0796507843
  15.3999996  0.468739553  0.169470572  0.0794375603
  15.5  0.460664025  0.171941173  0.0792071128
  15.6000004  0.452722316  0.174411762  0.0789600967
  15.6999998  0.444912519  0.176882339  0.0786971668
  15.8000002  0.43723274  0.179352939  0.078418977
  15.8999996  0.429681097  0.181823516  0.0781261277
  16.  0.422255721  0.184294105  0.0778192399
  16.1000004  0.414954758  0.186764705  0.077498903
  16.2000008  0.407776369  0.189235306  0.0771656858
  16.2999992  0.400718728  0.191705847  0.0768201231
  16.3999996  0.393780028  0.194176447  0.0764628069
  16.5  0.386958476  0.196647048  0.0760942419
  16.6000004  0.380252294  0.199117649  0.0757149427
  16.7000008  0.373659725  0.201588249  0.0753254099
  16.7999992  0.367179027  0.20405879  0.074926108
  16.8999996  0.360808475  0.206529403  0.0745175588
  17.  0.354546362  0.208999991  0.0741001867
  17.1000004  0.348391002  0.211599994  0.0737195337
  17.2000008  0.342340722  0.21420002  0.0733293895
  17.2999992  0.336393874  0.216799974  0.0729301832
  17.3999996  0.330548823  0.219399977  0.072522404
  17.5  0.324803956  0.221999979  0.0721064714
  17.6000004  0.319157679  0.224600005  0.0716828162
  17.7000008  0.313608415  0.227200007  0.0712518342
  17.7999992  0.308154608  0.229799986  0.0708139246
  17.8999996  0.302794721  0.232399988  0.0703694897
  18.  0.297527237  0.23499999  0.0699188978
  18.1000004  0.292350655  0.237599993  0.0694625136
  18.2000008  0.287263498  0.240200019  0.0690006976
  18.2999992  0.282264304  0.242799973  0.0685337655
  18.3999996  0.277351633  0.245399976  0.0680620841
  18.5  0.272524064  0.248000002  0.0675859685
  18.6000004  0.267780194  0.25059998  0.0671057114
  18.7000008  0.26311864  0.253200006  0.0666216414
  18.7999992  0.258538038  0.255799985  0.0661340263
  18.8999996  0.254037043  0.258399963  0.0656431626
  19.  0.249614328  0.26099999  0.065149337
  19.1000004  0.245268586  0.263863659  0.0647174665
  19.2000008  0.240998529  0.266727257  0.0642808764
  19.2999992  0.236802885  0.269590855  0.0638398923
  19.3999996  0.232680405  0.272454524  0.0633948289
  19.5  0.228629853  0.27531817  0.0629459527
  19.6000004  0.224650016  0.278181791  0.0624935438
  19.7000008  0.220739695  0.281045485  0.0620378946
  19.7999992  0.216897712  0.283909059  0.0615792253
  19.8999996  0.213122906  0.28677268  0.0611178269
  20.  0.209414132  0.28963635  0.0606539446
  20.1000004  0.205770263  0.292499995  0.060187801
  20.2000008  0.202190192  0.295363641  0.0597196312
  20.2999992  0.198672825  0.298227239  0.0592496481
  20.3999996  0.195217088  0.301090884  0.0587780857
  20.5  0.191821923  0.30395453  0.0583051423
  20.6000004  0.188486286  0.306818175  0.0578310184
  20.7000008  0.185209154  0.309681821  0.057355908
  20.7999992  0.181989517  0.312545395  0.0568799853
  20.8999996  0.178826381  0.315409064  0.0564034614
  21.  0.175718769  0.318272686  0.0559264846
  21.1000004  0.17266572  0.321136355  0.0554492401
  21.2000008  0.169666288  0.324000001  0.0549718775
  21.2999992  0.166719541  0.327208304  0.0545520184
  21.3999996  0.163824564  0.330416632  0.0541303606
  21.5  0.160980456  0.333624983  0.0537071018
  21.6000004  0.15818633  0.336833334  0.053282429
  21.7000008  0.155441315  0.340041661  0.0528565231
  21.7999992  0.152744554  0.343249965  0.0524295629
  21.8999996  0.150095204  0.346458292  0.0520017279
  22.  0.147492434  0.349666643  0.0515731844
  22.1000004  0.144935431  0.352874994  0.0511440892
  22.2000008  0.142423391  0.356083345  0.0507145975
  22.2999992  0.139955526  0.359291649  0.0502848518
  22.3999996  0.137531062  0.362499952  0.0498550034
  22.5  0.135149235  0.365708351  0.0494252041
  22.6000004  0.132809297  0.368916655  0.0489955617
  22.7000008  0.130510511  0.37212503  0.0485662277
  22.7999992  0.128252152  0.375333309  0.0481373045
  22.8999996  0.126033508  0.37854166  0.0477089332
  23.  0.123853879  0.381750011  0.0472812197
  23.1000004  0.121712578  0.384958363  0.0468542746
  23.2000008  0.119608928  0.38816669  0.0464282015
  23.2999992  0.117542264  0.391374993  0.0460031027
  23.3999996  0.115511933  0.394583344  0.0455790849
  23.5  0.113517293  0.397791672  0.0451562339
  23.6000004  0.111557714  0.401000023  0.0447346458
  23.7000008  0.109632574  0.404357195  0.0443307201
  23.7999992  0.107741265  0.407714272  0.0439276513
  23.8999996  0.105883187  0.411071396  0.0435255496
  24.  0.104057753  0.414428568  0.0431245054
  24.1000004  0.102264383  0.41778574  0.0427246008
  24.2000008  0.10050251  0.421142864  0.0423259147
  24.2999992  0.0987715745  0.424499989  0.0419285323
  24.3999996  0.0970710291  0.427857113  0.0415325303
  24.5  0.0954003343  0.431214285  0.0411379869
  24.6000004  0.0937589605  0.434571457  0.0407449681
  24.7000008  0.0921463873  0.437928581  0.0403535367
  24.7999992  0.0905621036  0.441285706  0.0399637618
  24.8999996  0.089005607  0.44464283  0.039575705
  25.  0.0874764043  0.448000002  0.0391894293
  25.1000004  0.0859740106  0.451357174  0.0388049865
  25.2000008  0.0844979498  0.454714298  0.038422426
  25.2999992  0.0830477541  0.458071423  0.0380418029
  25.3999996  0.0816229639  0.461428547  0.0376631656
  25.5  0.0802231278  0.464785719  0.0372865641
  25.6000004  0.0788478024  0.468142891  0.0369120381
  25.7000008  0.077496552  0.471500015  0.0365396254
  25.7999992  0.0761689488  0.47485714  0.0361693691
  25.8999996  0.0748645725  0.478214264  0.0358013064
  26.  0.0735830102  0.481571436  0.0354354759
  26.1000004  0.0723238565  0.484928608  0.035071907
  26.2000008  0.071086713  0.488285732  0.0347106277
  26.2999992  0.0698711885  0.491642857  0.0343516707
  26.3999996  0.0686768988  0.494999981  0.0339950636
  26.5  0.0675034664  0.498890638  0.0336768475
  26.6000004  0.0663505207  0.502781296  0.0333598008
  26.7000008  0.0652176976  0.506671906  0.0330439751
  26.7999992  0.0641046395  0.510562468  0.0327294229
  26.8999996  0.0630109952  0.514453125  0.0324162034
  27.  0.0619364198  0.518343782  0.0321043581
  27.1000004  0.0608805745  0.522234392  0.0317939298
  27.2000008  0.0598431265  0.526125002  0.0314849651
  27.2999992  0.0588237492  0.530015564  0.0311775026
  27.3999996  0.0578221216  0.533906269  0.0308715932
  27.5  0.0568379285  0.537796879  0.0305672606
  27.6000004  0.0558708605  0.541687536  0.0302645488
  27.7000008  0.0549206135  0.545578194  0.0299634891
  27.7999992  0.0539868889  0.549468756  0.0296641087
  27.8999996  0.0530693937  0.553359365  0.029366446
  28.  0.0521678399  0.557250023  0.02907053
  28.1000004  0.0512819447  0.561140633  0.0287763829
  28.2000008  0.0504114304  0.56503129  0.0284840356
  28.2999992  0.0495560243  0.568921852  0.0281935052
  28.3999996  0.0487154587  0.57281251  0.0279048241
  28.5  0.0478894704  0.576703167  0.0276180093
  28.6000004  0.0470778013  0.580593777  0.0273330784
  28.7000008  0.0462801976  0.584484386  0.0270500529
  28.7999992  0.0454964103  0.588374996  0.0267689502
  28.8999996  0.0447261948  0.592265606  0.0264897868
  29.  0.0439693108  0.596156263  0.02621258
  29.1000004  0.0432255224  0.600046921  0.0259373416
  29.2000008  0.042494598  0.603937531  0.0256640826
  29.2999992  0.04177631  0.60782814  0.0253928168
  29.3999996  0.0410704352  0.61171875  0.0251235553
  29.5  0.0403767539  0.61560936  0.0248563076
  29.6000004  0.0396950509  0.619500065  0.0245910866
  29.7000008  0.0390251144  0.623390675  0.0243278924
  29.7999992  0.0383667368  0.627281284  0.0240667359
  29.8999996  0.037719714  0.631171894  0.0238076233
  30.  0.0370838455  0.635062504  0.0235505598
  30.1000004  0.0364589347  0.638953161  0.0232955516
  30.2000008  0.0358447882  0.642843819  0.0230426005
  30.2999992  0.0352412164  0.646734381  0.0227917062
  30.3999996  0.0346480328  0.650625038  0.0225428776
  30.5  0.0340650544  0.654515648  0.0222961111
  30.6000004  0.0334921015  0.658406305  0.0220514108
  30.7000008  0.0329289976  0.662296915  0.0218087736
  30.7999992  0.0323755695  0.666187525  0.0215682005
  30.8999996  0.0318316467  0.670078135  0.0213296905
  31.  0.0312970623  0.673968792  0.0210932433
  31.1000004  0.0307716521  0.677859402  0.0208588537
  31.2000008  0.0302552547  0.681750059  0.0206265217
  31.2999992  0.029747712  0.685640621  0.0203962398
  31.3999996  0.0292488685  0.689531279  0.0201680097
  31.5  0.0287585714  0.693421936  0.0199418243
  31.6000004  0.0282766708  0.697312546  0.0197176773
  31.7000008  0.0278030195  0.701203203  0.0194955663
  31.7999992  0.0273374728  0.705093765  0.0192754816
  31.8999996  0.0268798887  0.708984423  0.0190574224
  32.  0.0264301278  0.712874985  0.0188413769
  32.0999985  0.025988053  0.716765594  0.0186273422
  32.2000008  0.0255535298  0.7206563  0.0184153122
  32.2999992  0.0251264261  0.724546862  0.0182052732
  32.4000015  0.0247066121  0.728437614  0.0179972256
  32.5  0.0242939604  0.732328176  0.0177911517
  32.5999985  0.0238883459  0.736218691  0.0175870468
  32.7000008  0.0234896457  0.740109444  0.0173849086
  32.7999992  0.0230977389  0.744000006  0.0171847179
  32.9000015  0.0227125072  0.748315907  0.0169961304
  33.  0.0223338339  0.752631617  0.0168091495
  33.0999985  0.0219616049  0.756947327  0.0166237781
  33.2000008  0.0215957076  0.761263227  0.0164400181
  33.2999992  0.021236032  0.765578938  0.0162578588
  33.4000015  0.0208824695  0.769894838  0.0160773055
  33.5  0.0205349139  0.774210548  0.0158983469
  33.5999985  0.0201932605  0.778526306  0.0157209845
  33.7000008  0.0198574067  0.782842159  0.0155452152
  33.7999992  0.0195272518  0.787157869  0.0153710299
  33.9000015  0.0192026967  0.79147377  0.0151984307
  34.  0.0188836441  0.795789528  0.0150274062
  34.0999985  0.0185699985  0.80010519  0.0148579522
  34.2000008  0.0182616662  0.804421139  0.0146900703
  34.2999992  0.0179585548  0.808736897  0.0145237459
  34.4000015  0.017660574  0.81305275  0.0143589782
  34.5  0.0173676348  0.817368507  0.0141957577
  34.5999985  0.0170796498  0.821684265  0.0140340795
  34.7000008  0.0167965334  0.826000023  0.013873937
  34.7999992  0.0165182012  0.830315781  0.0137153231
  34.9000015  0.0162445705  0.834631729  0.013558234
  35.  0.01597556  0.838947392  0.0134026544
  35.0999985  0.0157110898  0.843263149  0.0132485831
  35.2000008  0.0154510816  0.847579002  0.0130960123
  35.2999992  0.0151954583  0.85189476  0.0129449313
  35.4000015  0.0149441441  0.856210613  0.0127953348
  35.5  0.0146970648  0.860526371  0.0126472118
  35.5999985  0.0144541473  0.864842033  0.0125005542
  35.7000008  0.0142153199  0.869157982  0.0123553588
  35.7999992  0.0139805122  0.87347374  0.0122116103
  35.9000015  0.0137496549  0.877789593  0.012069304
  36.  0.01352268  0.882105255  0.0119284271
  36.0999985  0.0132995208  0.886421013  0.0117889747
  36.2000008  0.0130801115  0.890736961  0.0116509388
  36.2999992  0.0128643879  0.895052624  0.0115143041
  36.4000015  0.0126522864  0.899368572  0.0113790688
  36.5  0.012443745  0.903684235  0.0112452162
  36.5999985  0.0122387026  0.907999992  0.0111127418
  36.7000008  0.012037099  0.912465191  0.0109834338
  36.7999992  0.0118388753  0.916930199  0.0108554223
  36.9000015  0.0116439736  0.921395493  0.0107287048
  37.  0.011452337  0.9258605  0.0106032665
  37.0999985  0.0112639095  0.930325508  0.0104791024
  37.2000008  0.0110786363  0.934790802  0.0103562073
  37.2999992  0.0108964632  0.93925581  0.0102345664
  37.4000015  0.0107173374  0.943721104  0.0101141775
  37.5  0.0105412067  0.948186111  0.00999502575
  37.5999985  0.0103680199  0.952651119  0.00987710574
  37.7000008  0.0101977267  0.957116318  0.00976041067
  37.7999992  0.0100302779  0.961581326  0.00964492789
  37.9000015  0.00986562471  0.966046524  0.00953065246
  38.  0.00970371957  0.970511627  0.00941757267
  38.0999985  0.00954451561  0.97497673  0.00930568062
  38.2000008  0.00938796679  0.979441833  0.00919496741
  38.2999992  0.00923402788  0.983906937  0.00908542409
  38.4000015  0.00908265445  0.988372135  0.00897704257
  38.5  0.00893380282  0.992837238  0.00886981212
  38.5999985  0.0087874301  0.997302246  0.00876372378
  38.7000008  0.00864349415  1.00176754  0.00865877187
  38.7999992  0.00850195352  1.00623245  0.00855494155
  38.9000015  0.00836276755  1.01069775  0.00845223031
  39.  0.00822589623  1.01516275  0.00835062347
  39.0999985  0.00809130028  1.01962776  0.00825011439
  39.2000008  0.00795894108  1.02409306  0.00815069629
  39.2999992  0.00782878071  1.02855806  0.00805235553
  39.4000015  0.0077007819  1.03302326  0.00795508683
  39.5  0.007574908  1.03748837  0.00785887891
  39.5999985  0.00745112303  1.04195337  0.00776372277
  39.7000008  0.00732939162  1.04641857  0.00766961151
  39.7999992  0.00720967902  1.05088367  0.00757653398
  39.9000015  0.00709195108  1.05534878  0.0074844819
  40.  0.00697617424  1.05981388  0.00739344629
  40.0999985  0.00686231552  1.06427889  0.00730341754
  40.2000008  0.00675034252  1.06874409  0.00721438866
  40.2999992  0.00664022339  1.07320919  0.00712634877
  40.4000015  0.00653192684  1.07767448  0.00703929089
  40.5  0.00642542211  1.08213949  0.00695320302
  40.5999985  0.00632067898  1.0866045  0.00686807823
  40.7000008  0.00621766776  1.09106979  0.00678390948
  40.7999992  0.00611635926  1.0955348  0.00670068442
  40.9000015  0.00601672478  1.1  0.00661839726
  41.  0.00591873616  1.10478258  0.00653891661
  41.0999985  0.00582236568  1.10956507  0.00646029356
  41.2000008  0.00572758611  1.11434774  0.00638252267
  41.2999992  0.00563437072  1.11913033  0.00630559513
  41.4000015  0.00554269319  1.1239131  0.00622950547
  41.5  0.00545252768  1.12869558  0.00615424391
  41.5999985  0.00536384881  1.13347816  0.0060798055
  41.7000008  0.0052766316  1.13826084  0.00600618312
  41.7999992  0.00519085152  1.14304333  0.00593336819
  41.9000015  0.00510648447  1.14782619  0.00586135664
  42.  0.00502350674  1.15260868  0.00579013748
  42.0999985  0.00494189505  1.15739117  0.00571970568
  42.2000008  0.00486162651  1.16217384  0.00565005516
  42.2999992  0.00478267861  1.16695652  0.00558117799
  42.4000015  0.00470502924  1.1717392  0.00551306718
  42.5  0.00462865667  1.17652178  0.00544571538
  42.5999985  0.00455353954  1.18130417  0.00537911524
  42.7000008  0.00447965684  1.18608694  0.00531326248
  42.7999992  0.00440698795  1.19086952  0.00524814763
  42.9000015  0.00433551257  1.1956522  0.00518376514
  43.  0.00426521077  1.20043478  0.00512010736
  43.0999985  0.00419606295  1.20521727  0.00505716752
  43.2000008  0.00412804985  1.21000004  0.00499494048
  43.2999992  0.00406115253  1.21520004  0.00493511273
  43.4000015  0.00399535238  1.22040005  0.00487592823
  43.5  0.0039306311  1.22560005  0.00481738168
  43.5999985  0.00386697072  1.23079987  0.00475946704
  43.7000008  0.00380435355  1.23600006  0.00470218123
  43.7999992  0.00374276223  1.24119987  0.00464551601
  43.9000015  0.00368217966  1.24640007  0.00458946899
  44.  0.00362258907  1.25159998  0.0045340324
  44.0999985  0.00356397394  1.25679989  0.00447920205
  44.2000008  0.00350631806  1.26200008  0.00442497368
  44.2999992  0.00344960547  1.26719999  0.00437134003
  44.4000015  0.0033938205  1.27240009  0.00431829752
  44.5  0.00333894774  1.27759991  0.00426583932
  44.5999985  0.00328497203  1.28279991  0.00421396183
  44.7000008  0.00323187849  1.28800011  0.00416265983
  44.7999992  0.00317965246  1.29319992  0.00411192631
  44.9000015  0.00312827957  1.29840012  0.00406175856
  45.  0.00307774566  1.30359993  0.00401214903
  45.0999985  0.00302803682  1.30879993  0.0039630944
  45.2000008  0.00297913938  1.31400013  0.00391458953
  45.2999992  0.00293103989  1.31919994  0.00386662766
  45.4000015  0.00288372514  1.32439995  0.00381920543
  45.5  0.00283718214  1.32959995  0.00377231724
  45.5999985  0.00279140106  1.33479986  0.00372596175
  45.7000008  0.00274636334  1.33999996  0.00368012678
  45.7999992  0.00270205694  1.34519997  0.0036348069
  45.9000015  0.00265847532  1.35040007  0.00359000524
  46.  0.0026156037  1.35559998  0.00354571231
  46.0999985  0.00257343034  1.36079988  0.00350192371
  46.2000008  0.00253194372  1.36599998  0.00345863508
  46.2999992  0.00249113249  1.37119999  0.00341584084
  46.4000015  0.0024509855  1.37639999  0.00337353643
  46.5  0.00241149179  1.3816  0.00333171706
  46.5999985  0.00237264059  1.38679981  0.00329037752
  46.7000008  0.00233442129  1.39200001  0.00324951445
  46.7999992  0.00229682348  1.39719992  0.00320912158
  46.9000015  0.00225983692  1.40240002  0.00316919534
  47.  0.00222345153  1.40760002  0.00312973043
  47.0999985  0.00218765742  1.41279984  0.00309072204
  47.2000008  0.00215244484  1.41800003  0.00305216685
  47.2999992  0.00211780422  1.42319984  0.00301405864
  47.4000015  0.00208372616  1.42840004  0.00297639453
  47.5  0.00205020139  1.43359995  0.00293916861
  47.5999985  0.00201722082  1.43879986  0.00290237702
  47.7000008  0.00198477549  1.44399996  0.00286601572
  47.7999992  0.00195285662  1.44919987  0.00283007955
  47.9000015  0.00192145554  1.45440006  0.00279456506
  48.  0.00189056376  1.45959997  0.00275946681
  48.0999985  0.00186017291  1.46479988  0.00272478106
  48.2000008  0.00183027477  1.46999998  0.00269050387
  48.2999992  0.00180086124  1.47527256  0.00265676118
  48.4000015  0.00177192439  1.48054543  0.00262341455
  48.5  0.00174345638  1.485818  0.00259045888
  48.5999985  0.00171544953  1.49109087  0.00255789114
  48.7000008  0.00168789628  1.49636364  0.00252570663
  48.7999992  0.0016607892  1.50163631  0.00249390138
  48.9000015  0.00163412097  1.50690918  0.0024624719
  49.  0.00160788441  1.51218176  0.00243141348
  49.0999985  0.00158207245  1.51745434  0.0024007227
  49.2000008  0.00155667813  1.5227272  0.00237039614
  49.2999992  0.00153169462  1.52799988  0.0023404292
  49.4000015  0.0015071152  1.53327274  0.00231081866
  49.5  0.00148293326  1.53854542  0.00228156017
  49.5999985  0.0014591423  1.54381809  0.00225265027
  49.7000008  0.00143573592  1.54909096  0.00222408552
  49.7999992  0.00141270783  1.55436354  0.00219586155
  49.9000015  0.00139005187  1.55963631  0.00216797536
  50.  0.00136776194  1.56490898  0.00214042295
  50.0999985  0.00134583208  1.57018166  0.00211320084
  50.2000008  0.00132425639  1.57545452  0.00208630571
  50.2999992  0.0013030291  1.5807272  0.00205973353
  50.4000015  0.00128214452  1.58600006  0.00203348129
  50.5  0.00126159706  1.59127274  0.00200754501
  50.5999985  0.00124138123  1.59654531  0.00198192138
  50.7000008  0.0012214916  1.60181808  0.00195660734
  50.7999992  0.00120192288  1.60709076  0.00193159915
  50.9000015  0.00118266981  1.61236362  0.00190689378
  51.  0.00116372727  1.6176363  0.00188248747
  51.0999985  0.00114509018  1.62290897  0.00185837713
  51.2000008  0.00112675358  1.62818184  0.00183455972
  51.2999992  0.00110871257  1.63345451  0.00181103156
  51.4000015  0.00109096235  1.63872719  0.00178778966
  51.5  0.00107349816  1.64399986  0.00176483083
  51.5999985  0.00105631537  1.64927273  0.00174215214
  51.7000008  0.0010394094  1.6545454  0.00171975004
  51.7999992  0.00102277573  1.65981808  0.00169762165
  51.9000015  0.00100640995  1.66509094  0.00167576409
  52.  0.000990307692  1.67036362  0.00165417394
  52.0999985  0.000974464681  1.67563629  0.00163284838
  52.2000008  0.000958876701  1.68090897  0.00161178444
  52.2999992  0.000943539608  1.68618183  0.00159097934
  52.4000015  0.000928449327  1.6914547  0.00157042998
  52.5  0.000913601851  1.69672718  0.00155013309
  52.5999985  0.000898993236  1.70199986  0.00153008636
  52.7000008  0.000884619606  1.70727272  0.00151028692
  52.7999992  0.000870477146  1.71254539  0.00149073163
  52.9000015  0.000856562106  1.71781826  0.00147141803
  53.  0.000842870796  1.72309093  0.00145234303
  53.0999985  0.000829399588  1.72836361  0.00143350406
  53.2000008  0.000816144912  1.73363628  0.00141489843
  53.2999992  0.000803103258  1.73890915  0.0013965236
  53.4000015  0.000790271173  1.74418201  0.00137837677
  53.5  0.000777645261  1.7494545  0.001360455
  53.5999985  0.000765222182  1.75472717  0.00134275616
  53.7000008  0.000752998649  1.76000004  0.00132527765
  53.7999992  0.000740971431  1.76548386  0.0013081731
  53.9000015  0.000729137349  1.77096786  0.00129127881
  54.  0.000717493276  1.77645168  0.00127459214
  54.0999985  0.000706036136  1.7819355  0.00125811086
  54.2000008  0.000694762905  1.78741932  0.00124183264
  54.2999992  0.000683670607  1.79290314  0.00122575518
  54.4000015  0.000672756314  1.79838715  0.00120987631
  54.5  0.000662017149  1.80387096  0.00119419351
  54.5999985  0.000651450278  1.80935478  0.00117870468
  54.7000008  0.000641052917  1.81483879  0.0011634077
  54.7999992  0.000630822324  1.82032261  0.00114830014
  54.9000015  0.000620755806  1.82580643  0.00113337994
  55.  0.00061085071  1.83129025  0.00111864495
  55.0999985  0.000601104429  1.83677406  0.00110409302
  55.2000008  0.000591514397  1.84225807  0.00108972217
  55.2999992  0.000582078092  1.84774189  0.00107553007
  55.4000015  0.00057279303  1.8532259  0.00106151488
  55.5  0.00056365677  1.85870972  0.00104767432
  55.5999985  0.00055466691  1.86419334  0.00103400636
  55.7000008  0.000545821178  1.86967735  0.0010205095
  55.7999992  0.000537117066  1.87516136  0.00100718117
  55.9000015  0.000528552297  1.88064518  0.00099401933
  56.  0.000520124794  1.886129  0.000981022456
  56.0999985  0.000511832256  1.89161282  0.000968188455
  56.2000008  0.000503672507  1.89709663  0.000955515418
  56.2999992  0.000495643407  1.90258064  0.000943001552
  56.4000015  0.00048774285  1.90806465  0.000930644891
  56.5  0.000479968764  1.91354828  0.000918443402
  56.5999985  0.00047231911  1.91903229  0.000906395623
  56.7000008  0.000464791885  1.9245163  0.000894499557
  56.7999992  0.000457385116  1.92999992  0.000882753238
  56.9000015  0.000450096862  1.93548393  0.000871155245
  57.  0.000442925216  1.94096756  0.000859703476
  57.0999985  0.0004358683  1.94645138  0.000848396452
  57.2000008  0.000428924266  1.95193558  0.000837232535
  57.2999992  0.000422091298  1.9574192  0.000826209613
  57.4000015  0.000415367608  1.96290321  0.000815326413
  57.5  0.000408751439  1.96838703  0.000804581031
  57.5999985  0.000402241059  1.97387085  0.000793971901
  57.7000008  0.000395834767  1.97935486  0.00078349747
  57.7999992  0.00038953089  1.98483849  0.000773155901
  57.9000015  0.000383327779  1.99032269  0.000762945975
  58.  0.000377223815  1.9958065  0.000752865744
  58.0999985  0.000371217404  2.00129013  0.000742913728
  58.2000008  0.000365306978  2.00677414  0.000733088597
  58.2999992  0.000359490994  2.01225796  0.000723388613
  58.4000015  0.000353767933  2.01774197  0.000713812406
  58.5  0.000348136304  2.02322578  0.000704358348
  58.5999985  0.000342594638  2.0287096  0.000695025031
  58.7000008  0.000337141488  2.03419361  0.000685811061
  58.7999992  0.000331775434  2.03967724  0.000676714801
  58.9000015  0.000326495077  2.04516125  0.000667735079
  59.  0.00032129904  2.05064507  0.000658870292
  59.0999985  0.000316185971  2.05612869  0.000650119047
  59.2000008  0.000311154537  2.06161289  0.000641480204
  59.2999992  0.000306203428  2.06709652  0.000632952039
  59.4000015  0.000301331354  2.07258072  0.000624533555
  59.5  0.000296537049  2.07806454  0.000616223125
  59.5999985  0.000291819263  2.08354816  0.00060801949
  59.7000008  0.00028717677  2.08903236  0.000599921566
  59.7999992  0.000282608361  2.09451599  0.000591927732
  59.9000015  0.000278112849  2.1  0.000584036983
  60.  0.000273689065  2.10571423  0.000576310958
  60.0999985  0.000269335858  2.11142845  0.000568683394
  60.2000008  0.000265052097  2.11714287  0.000561153158
  60.2999992  0.00026083667  2.12285709  0.000553718974
  60.4000015  0.000256688479  2.12857151  0.000546379784
  60.5  0.000252606449  2.13428555  0.000539134293
  60.5999985  0.000248589519  2.13999977  0.000531981513
  60.7000008  0.000244636645  2.14571419  0.00052492032
  60.7999992  0.000240746802  2.15142841  0.00051794951
  60.9000015  0.00023691898  2.15714283  0.000511068079
  61.  0.000233152185  2.16285706  0.000504274849
  61.0999985  0.000229445441  2.16857128  0.000497568794
  61.2000008  0.000225797785  2.1742857  0.000490948895
  61.2999992  0.000222208272  2.17999992  0.000484414016
  61.4000015  0.000218675971  2.18571434  0.000477963205
  61.5  0.000215199965  2.19142838  0.00047159531
  61.5999985  0.000211779355  2.1971426  0.000465309442
  61.7000008  0.000208413252  2.20285702  0.000459104595
  61.7999992  0.000205100786  2.20857124  0.000452979697
  61.9000015  0.000201841097  2.21428566  0.000446933847
  62.  0.000198633342  2.21999989  0.000440965996
  62.0999985  0.000195476689  2.22571411  0.000435075225
  62.2000008  0.000192370322  2.23142853  0.000429260624
  62.2999992  0.000189313435  2.23714275  0.000423521179
  62.4000015  0.000186305238  2.24285717  0.000417856039
  62.5  0.000183344952  2.2485714  0.000412264215
  62.5999985  0.000180431811  2.25428562  0.000406744837
  62.7000008  0.000177565061  2.26000004  0.000401297045
  62.7999992  0.000174743961  2.26571407  0.000395919852
  62.9000015  0.000171967781  2.27142849  0.000390612517
  63.  0.000169235803  2.27714272  0.000385374075
  63.0999985  0.00016654732  2.28285694  0.000380203705
  63.2000008  0.000163901638  2.28857136  0.000375100594
  63.2999992  0.000161298072  2.29428558  0.000370063842
  63.4000015  0.000158735951  2.3  0.000365092686
  63.5  0.000156214611  2.30571423  0.00036018625
  63.5999985  0.000153733401  2.31142845  0.000355343757
  63.7000008  0.000151291681  2.31714287  0.000350564438
  63.7999992  0.000148888819  2.3228569  0.00034584742
  63.9000015  0.000146524195  2.32857132  0.000341192038
  64.  0.000144197199  2.33428574  0.000336597464
  64.0999985  0.000141907229  2.33999977  0.000332062884
  64.1999969  0.000139653695  2.345714  0.000327587628
  64.3000031  0.000137436015  2.3514286  0.000323170978
  64.4000015  0.000135253617  2.35714283  0.000318812093
  64.5  0.000133105937  2.36285706  0.000314510302
  64.5999985  0.000130992421  2.36857128  0.000310264887
  64.6999969  0.000128912525  2.37428551  0.00030607514
  64.8000031  0.000126865712  2.38000011  0.000301940408
  64.9000015  0.000124851453  2.38571434  0.000297859901
  65.  0.00012286923  2.39142857  0.000293832985
  65.0999985  0.000120918531  2.3971426  0.000289858961
  65.1999969  0.000118998853  2.40285683  0.000285937207
  65.3000031  0.000117109703  2.40857143  0.000282067085
  65.4000015  0.000115250592  2.41428566  0.000278247852
  65.5  0.000113421042  2.41999989  0.00027447891
  65.5999985  0.000111620582  2.42571411  0.000270759621
  65.6999969  0.000109848747  2.43142834  0.000267089357
  65.8000031  0.000108105081  2.43714294  0.000263467536
  65.9000015  0.000106389136  2.44285717  0.000259893463
  66.  0.000104700468  2.4485714  0.000256366571
  66.0999985  0.000103038644  2.45428562  0.000252886262
  66.1999969  0.000101403235  2.45999966  0.000249451923
  66.3000031  9.97938205E-05  2.46571445  0.000246063066
  66.4000015  9.82099863E-05  2.47142849  0.000242718958
  66.5  9.66513244E-05  2.47714272  0.000239419124
  66.5999985  9.5117434E-05  2.48285694  0.000236162981
  66.6999969  9.36079202E-05  2.48857117  0.000232949971
  66.8000031  9.21223947E-05  2.49428577  0.000229779579
  66.9000015  9.06604753E-05  2.5  0.000226651188
  67.  8.9221786E-05  2.50597382  0.00022358746
  67.0999985  8.78059567E-05  2.51194801  0.000220563998
  67.1999969  8.64126232E-05  2.51792183  0.00021758023
  67.3000031  8.50414274E-05  2.52389622  0.000214635737
  67.4000015  8.36920166E-05  2.52987022  0.000211729941
  67.5  8.23640438E-05  2.53584404  0.00020886237
  67.5999985  8.10571678E-05  2.54181805  0.000206032572
  67.6999969  7.97710526E-05  2.54779186  0.000203240039
  67.8000031  7.85053675E-05  2.55376644  0.000200484373
  67.9000015  7.72597874E-05  2.55974045  0.000197765003
  68.  7.60339922E-05  2.56571426  0.000195081498
  68.0999985  7.4827667E-05  2.57168808  0.000192433419
  68.1999969  7.36405017E-05  2.57766209  0.000189820329
  68.3000031  7.24721914E-05  2.58363647  0.000187241797
  68.4000015  7.1322436E-05  2.58961029  0.000184697314
  68.5  7.01909403E-05  2.5955843  0.000182186502
  68.5999985  6.90774135E-05  2.6015583  0.000179708919
  68.6999969  6.79815698E-05  2.60753231  0.00017726414
  68.8000031  6.69031278E-05  2.6135067  0.000174851773
  68.9000015  6.58418106E-05  2.61948051  0.00017247134
  69.  6.47973457E-05  2.62545452  0.000170122484
  69.0999985  6.3769465E-05  2.63142834  0.000167804777
  69.1999969  6.27579047E-05  2.63740234  0.000165517845
  69.3000031  6.17624051E-05  2.64337654  0.000163261293
  69.4000015  6.07827108E-05  2.64935074  0.00016103472
  69.5  5.98185703E-05  2.65532455  0.000158837719
  69.5999985  5.88697363E-05  2.66129856  0.000156669944
  69.6999969  5.79359653E-05  2.66727257  0.000154531011
  69.8000031  5.70170177E-05  2.67324677  0.000152420558
  69.9000015  5.61126578E-05  2.67922096  0.000150338209
  70.  5.52226537E-05  2.68519478  0.000148283581
  70.0999985  5.4346777E-05  2.69116859  0.00014625634
  70.1999969  5.34848032E-05  2.69714279  0.000144256151
  70.3000031  5.26365111E-05  2.70311699  0.000142282647
  70.4000015  5.18016832E-05  2.70909119  0.000140335484
  70.5  5.09801056E-05  2.715065  0.0001384143
  70.5999985  5.01715674E-05  2.72103882  0.000136518783
  70.6999969  4.93758615E-05  2.72701283  0.000134648608
  70.8000031  4.85927839E-05  2.73298721  0.000132803457
  70.9000015  4.78221338E-05  2.73896103  0.000130982961
  71.  4.70637136E-05  2.74493523  0.000129186845
  71.0999985  4.63173291E-05  2.75090904  0.00012741476
  71.1999969  4.5582789E-05  2.75688305  0.000125666418
  71.3000031  4.48599049E-05  2.76285744  0.000123941522
  71.4000015  4.41484917E-05  2.76883125  0.000122239724
  71.5  4.3448367E-05  2.77480526  0.000120560757
  71.5999985  4.27593516E-05  2.78077908  0.00011890431
  71.6999969  4.20812688E-05  2.78675308  0.000117270106
  71.8000031  4.1413945E-05  2.79272766  0.00011565787
  71.9000015  4.07572092E-05  2.79870148  0.000114067262
  72.  4.01108932E-05  2.80467529  0.000112498031
  72.0999985  3.94748314E-05  2.8106493  0.000110949907
  72.1999969  3.88488611E-05  2.81662331  0.000109422607
  72.3000031  3.82328217E-05  2.82259769  0.000107915874
  72.4000015  3.76265557E-05  2.82857151  0.000106429403
  72.5  3.70299077E-05  2.83454552  0.000104962959
  72.5999985  3.64427249E-05  2.84051952  0.000103516272
  72.6999969  3.58648571E-05  2.84649353  0.000102089084
  72.8000031  3.52961563E-05  2.85246773  0.000100681147
  72.9000015  3.47364769E-05  2.85844173  9.92921951E-05
  73.  3.41856755E-05  2.86441574  9.79219871E-05
  73.0999985  3.36436114E-05  2.87038956  9.65702707E-05
  73.1999969  3.31101455E-05  2.87636337  9.52368099E-05
  73.3000031  3.25851416E-05  2.88233795  9.39213902E-05
  73.4000015  3.20684651E-05  2.88831196  9.26237311E-05
  73.5  3.15599838E-05  2.89428596  9.13436181E-05
  73.5999985  3.10595676E-05  2.90025959  9.00808088E-05
  73.6999969  3.05670885E-05  2.9062336  8.88350996E-05
  73.8000031  3.00824204E-05  2.91220818  8.76062708E-05
  73.9000015  2.96054394E-05  2.91818218  8.63940658E-05
  74.  2.91360233E-05  2.92415581  8.51982719E-05
  74.0999985  2.86740522E-05  2.93012981  8.40186952E-05
  74.1999969  2.82194077E-05  2.93610382  8.28551108E-05
  74.3000031  2.77719736E-05  2.9420784  8.17073237E-05
  74.4000015  2.73316355E-05  2.94805202  8.05750834E-05
  74.5  2.68982806E-05  2.95402603  7.94582212E-05
  74.5999985  2.64717982E-05  2.96000004  7.83565238E-05
  74.6999969  2.60520792E-05  2.96604652  7.7271679E-05
  74.8000031  2.56390162E-05  2.9720932  7.62015457E-05
  74.9000015  2.52325036E-05  2.97813969  7.51459203E-05
  75.  2.48324373E-05  2.98418598  7.41046114E-05
  75.0999985  2.44387152E-05  2.99023247  7.30774397E-05
  75.1999969  2.40512365E-05  2.99627895  7.20642138E-05
  75.3000031  2.36699022E-05  3.00232601  7.10647629E-05
  75.4000015  2.32946146E-05  3.00837231  7.00788735E-05
  75.5  2.2925278E-05  3.01441879  6.91063887E-05
  75.5999985  2.25617978E-05  3.02046528  6.81471268E-05
  75.6999969  2.22040811E-05  3.02651176  6.72009126E-05
  75.8000031  2.18520364E-05  3.03255844  6.62675775E-05
  75.9000015  2.15055738E-05  3.03860493  6.53469426E-05
  76.  2.11646047E-05  3.04465122  6.44388397E-05
  76.0999985  2.0829042E-05  3.05069771  6.35431106E-05
  76.1999969  2.04987998E-05  3.056744  6.26595832E-05
  76.3000031  2.01737937E-05  3.06279106  6.17881149E-05
  76.4000015  1.98539407E-05  3.06883755  6.09285185E-05
  76.5  1.95391589E-05  3.07488384  6.00806441E-05
  76.5999985  1.92293681E-05  3.08093033  5.92443433E-05
  76.6999969  1.89244889E-05  3.08697662  5.84194549E-05
  76.8000031  1.86244435E-05  3.09302349  5.76058412E-05
  76.9000015  1.83291552E-05  3.09906998  5.68033344E-05
  77.  1.80385484E-05  3.10511627  5.60117903E-05
  77.0999985  1.77525491E-05  3.11116295  5.52310729E-05
  77.1999969  1.7471084E-05  3.11720905  5.44610211E-05
  77.3000031  1.71940812E-05  3.12325611  5.37015193E-05
  77.4000015  1.69214701E-05  3.1293026  5.29524002E-05
  77.5  1.66531808E-05  3.13534889  5.2213532E-05
  77.5999985  1.63891449E-05  3.14139538  5.1484784E-05
  77.6999969  1.61292949E-05  3.14744186  5.0766018E-05
  77.8000031  1.58735644E-05  3.15348854  5.00571034E-05
  77.9000015  1.56218881E-05  3.15953503  4.93579026E-05
  78.  1.53742016E-05  3.16558151  4.86682885E-05
  78.0999985  1.51304418E-05  3.17162781  4.79881299E-05
  78.1999969  1.48905463E-05  3.17767429  4.73173061E-05
  78.3000031  1.46544538E-05  3.18372135  4.66556974E-05
  78.4000015  1.4422104E-05  3.18976765  4.60031608E-05
  78.5  1.41934377E-05  3.19581413  4.53595887E-05
  78.5999985  1.39683962E-05  3.20186043  4.47248552E-05
  78.6999969  1.37469223E-05  3.2079071  4.40988497E-05
  78.8000031  1.35289593E-05  3.21395416  4.3481455E-05
  78.9000015  1.33144515E-05  3.22000046  4.28725399E-05
  79.  1.31033441E-05  3.22604675  4.22720008E-05
  79.0999985  1.28955833E-05  3.23209305  4.16797252E-05
  79.1999969  1.2691116E-05  3.23813934  4.10956019E-05
  79.3000031  1.24898898E-05  3.2441864  4.05195308E-05
  79.4000015  1.22918536E-05  3.2502327  3.99513844E-05
  79.5  1.20969566E-05  3.25627899  3.93910655E-05
  79.5999985  1.19051491E-05  3.26232567  3.88384734E-05
  79.6999969  1.17163821E-05  3.26837196  3.82934946E-05
  79.8000031  1.15306073E-05  3.27441864  3.77560356E-05
  79.9000015  1.13477775E-05  3.28046532  3.72259905E-05
  80.  1.11678458E-05  3.28651199  3.67032593E-05
  80.0999985  1.09907664E-05  3.29255829  3.61877389E-05
  80.1999969  1.08164939E-05  3.29860458  3.56793364E-05
  80.3000031  1.0644984E-05  3.30465164  3.51779637E-05
  80.4000015  1.04761927E-05  3.31069794  3.46835096E-05
  80.5  1.0310077E-05  3.31674423  3.41958886E-05
  80.5999985  1.01465946E-05  3.32279053  3.37150083E-05
  80.6999969  9.98570353E-06  3.3288372  3.32407814E-05
  80.8000031  9.82736285E-06  3.33488388  3.2773114E-05
  80.9000015  9.6715321E-06  3.34093018  3.23119134E-05
  81.  9.51817148E-06  3.34697685  3.18570996E-05
  81.0999985  9.36724184E-06  3.35302353  3.14085823E-05
  81.1999969  9.21870465E-06  3.35906982  3.09662726E-05
  81.3000031  9.07252197E-06  3.3651165  3.05300934E-05
  81.4000015  8.92865649E-06  3.37116318  3.0099958E-05
  81.5  8.78707146E-06  3.37720947  2.9675781E-05
  81.5999985  8.64773075E-06  3.38325577  2.92574849E-05
  81.6999969  8.51059877E-06  3.38930206  2.884499E-05
  81.8000031  8.37564052E-06  3.39534912  2.84382237E-05
  81.9000015  8.24282154E-06  3.40139542  2.80370954E-05
  82.  8.11210792E-06  3.40744171  2.76415349E-05
  82.0999985  7.98346628E-06  3.41348839  2.72514695E-05
  82.1999969  7.85686379E-06  3.41953506  2.68668212E-05
  82.3000031  7.73226812E-06  3.42558174  2.64875165E-05
  82.4000015  7.60964747E-06  3.43162804  2.61134796E-05
  82.5  7.48897052E-06  3.43767471  2.57446446E-05
  82.5999985  7.37020648E-06  3.44372101  2.53809349E-05
  82.6999969  7.25332501E-06  3.4497673  2.50222835E-05
  82.8000031  7.13829629E-06  3.45581436  2.46686268E-05
  82.9000015  7.02509094E-06  3.46186066  2.43198859E-05
  83.  6.91368007E-06  3.46790695  2.39759992E-05
  83.0999985  6.80403523E-06  3.47395363  2.36369029E-05
  83.1999969  6.69612843E-06  3.47999992  2.33025264E-05
  83.3000031  6.58993213E-06  3.48608284  2.29730493E-05
  83.4000015  6.48541922E-06  3.49216537  2.26481564E-05
  83.5  6.38256301E-06  3.49824753  2.23277853E-05
  83.5999985  6.28133725E-06  3.50433006  2.20118789E-05
  83.6999969  6.18171609E-06  3.51041222  2.17003717E-05
  83.8000031  6.08367411E-06  3.51649513  2.13932104E-05
  83.9000015  5.98718627E-06  3.52257729  2.10903264E-05
  84.  5.89222795E-06  3.52865982  2.0791668E-05
  84.0999985  5.7987749E-06  3.53474236  2.04971753E-05
  84.1999969  5.70680327E-06  3.54082451  2.02067889E-05
  84.3000031  5.61628958E-06  3.54690742  1.99204592E-05
  84.4000015  5.52721073E-06  3.55298996  1.96381242E-05
  84.5  5.43954396E-06  3.55907249  1.93597313E-05
  84.5999985  5.35326691E-06  3.56515465  1.90852244E-05
  84.6999969  5.26835754E-06  3.5712368  1.88145523E-05
  84.8000031  5.18479419E-06  3.57731972  1.85476665E-05
  84.9000015  5.10255552E-06  3.58340225  1.82845089E-05
  85.  5.02162054E-06  3.58948441  1.80250286E-05
  85.0999985  4.94196858E-06  3.59556694  1.77691788E-05
  85.1999969  4.86357931E-06  3.60164948  1.75169079E-05
  85.3000031  4.78643273E-06  3.60773201  1.72681666E-05
  85.4000015  4.71050913E-06  3.61381454  1.70229064E-05
  85.5  4.63578913E-06  3.61989708  1.67810795E-05
  85.5999985  4.56225367E-06  3.62597961  1.65426388E-05
  85.6999969  4.48988397E-06  3.63206177  1.63075359E-05
  85.8000031  4.41866154E-06  3.63814468  1.607573E-05
  85.9000015  4.34856822E-06  3.64422684  1.5847169E-05
  86.  4.27958611E-06  3.65030937  1.56218133E-05
  86.0999985  4.21169759E-06  3.65639191  1.5399617E-05
  86.1999969  4.14488533E-06  3.66247406  1.5180535E-05
  86.3000031  4.07913229E-06  3.66855698  1.49645292E-05
  86.4000015  4.01442167E-06  3.67463913  1.4751551E-05
  86.5  3.95073695E-06  3.68072166  1.45415631E-05
  86.5999985  3.88806188E-06  3.68680382  1.43345214E-05
  86.6999969  3.82638045E-06  3.69288635  1.41303882E-05
  86.8000031  3.76567692E-06  3.69896927  1.39291232E-05
  86.9000015  3.70593579E-06  3.70505142  1.37306827E-05
  87.  3.6471418E-06  3.71113434  1.35350332E-05
  87.0999985  3.58927996E-06  3.71721649  1.33421306E-05
  87.1999969  3.53233547E-06  3.72329903  1.31519412E-05
  87.3000031  3.47629382E-06  3.72938156  1.29644261E-05
  87.4000015  3.42114068E-06  3.7354641  1.27795482E-05
  87.5  3.36686198E-06  3.74154663  1.25972711E-05
  87.5999985  3.31344386E-06  3.74762878  1.24175576E-05
  87.6999969  3.26087269E-06  3.75371132  1.22403747E-05
  87.8000031  3.20913503E-06  3.75979424  1.20656874E-05
  87.9000015  3.15821768E-06  3.76587677  1.18934586E-05
  88.  3.10810764E-06  3.77195892  1.17236544E-05
  88.0999985  3.05879212E-06  3.77804108  1.15562423E-05
  88.1999969  3.01025852E-06  3.78412323  1.13911892E-05
  88.3000031  2.96249446E-06  3.79020615  1.12284647E-05
  88.4000015  2.91548773E-06  3.79628868  1.10680331E-05
  88.5  2.86922633E-06  3.80237122  1.09098636E-05
  88.5999985  2.82369846E-06  3.80845337  1.07539239E-05
  88.6999969  2.77889249E-06  3.8145359  1.06001852E-05
  88.8000031  2.73479697E-06  3.82061882  1.04486168E-05
  88.9000015  2.69140065E-06  3.82670135  1.02991865E-05
  89.  2.64869244E-06  3.83278351  1.01518647E-05
  89.0999985  2.60666144E-06  3.83886604  1.00066241E-05
  89.1999969  2.56529693E-06  3.8449482  9.86343379E-06
  89.3000031  2.52458832E-06  3.85103111  9.72226818E-06
  89.4000015  2.48452524E-06  3.85711365  9.58309621E-06
  89.5  2.44509745E-06  3.8631958  9.44589019E-06
  89.5999985  2.40629488E-06  3.86927834  9.31062463E-06
  89.6999969  2.36810762E-06  3.87536087  9.17727159E-06
  89.8000031  2.33052592E-06  3.88144341  9.04580445E-06
  89.9000015  2.29354018E-06  3.88752594  8.91619694E-06
  90.  2.25714096E-06  3.89360809  8.78842231E-06
  90.0999985  2.22131896E-06  3.89969063  8.66245674E-06
  90.1999969  2.18606504E-06  3.90577316  8.53827415E-06
  90.3000031  2.15137018E-06  3.9118557  8.41584971E-06
  90.4000015  2.11722554E-06  3.91793823  8.29515888E-06
  90.5  2.08362238E-06  3.92402039  8.17617671E-06
  90.5999985  2.05055213E-06  3.93010292  8.05888093E-06
  90.6999969  2.01800635E-06  3.93618546  7.94324722E-06
  90.8000031  1.98597671E-06  3.94226837  7.82925315E-06
  90.9000015  1.95445503E-06  3.94835091  7.7168743E-06
  91.  1.92343328E-06  3.95443306  7.60608814E-06
  91.0999985  1.89290351E-06  3.96051521  7.49687316E-06
  91.1999969  1.86285794E-06  3.96659775  7.38920813E-06
  91.3000031  1.8332889E-06  3.97268066  7.28307135E-06
  91.4000015  1.80418882E-06  3.9787632  7.17844007E-06
  91.5  1.77555027E-06  3.98484535  7.07529325E-06
  91.5999985  1.74736595E-06  3.99092751  6.97361081E-06
  91.6999969  1.71962864E-06  3.99701004  6.87337294E-06
  91.8000031  1.69233127E-06  4.00309296  6.77455938E-06
  91.9000015  1.66546686E-06  4.00917549  6.6771489E-06
  92.  1.63902854E-06  4.01525764  6.58112189E-06
  92.0999985  1.61300958E-06  4.02134018  6.48646022E-06
  92.1999969  1.58740331E-06  4.02742271  6.39314414E-06
  92.3000031  1.56220319E-06  4.03350563  6.30115538E-06
  92.4000015  1.5374028E-06  4.03958778  6.21047357E-06
  92.5  1.51299579E-06  4.04566994  6.12108157E-06
  92.5999985  1.48897592E-06  4.05175247  6.03296187E-06
  92.6999969  1.46533706E-06  4.05783463  5.94609548E-06
  92.8000031  1.44207318E-06  4.06391792  5.86046704E-06
  92.9000015  1.41917832E-06  4.07000008  5.77605587E-06
  93.  1.39664664E-06  4.07594604  5.69265634E-06
  93.0999985  1.37447238E-06  4.08189163  5.6104473E-06
  93.1999969  1.35264987E-06  4.0878376  5.529413E-06
  93.3000031  1.33117354E-06  4.09378357  5.44953637E-06
  93.4000015  1.3100379E-06  4.09972954  5.37080108E-06
  93.5  1.28923755E-06  4.10567589  5.29319154E-06
  93.5999985  1.26876718E-06  4.11162186  5.21669087E-06
  93.6999969  1.24862155E-06  4.11756744  5.14128345E-06
  93.8000031  1.22879552E-06  4.12351341  5.0669548E-06
  93.9000015  1.20928401E-06  4.12945938  4.99368921E-06
  94.  1.19008205E-06  4.13540535  4.92147168E-06
  94.0999985  1.17118473E-06  4.14135132  4.85028741E-06
  94.1999969  1.15258721E-06  4.14729691  4.78012137E-06
  94.3000031  1.13428474E-06  4.15324326  4.71096047E-06
  94.4000015  1.11627266E-06  4.15918922  4.64278921E-06
  94.5  1.09854634E-06  4.16513481  4.57559361E-06
  94.5999985  1.08110127E-06  4.17108116  4.50936114E-06
  94.6999969  1.06393298E-06  4.17702675  4.44407651E-06
  94.8000031  1.04703708E-06  4.18297348  4.37972836E-06
  94.9000015  1.03040927E-06  4.18891907  4.31630103E-06
  95.  1.01404528E-06  4.19486465  4.25378269E-06
  95.0999985  9.9794093E-07  4.20081062  4.19216086E-06
  95.1999969  9.8209211E-07  4.20675659  4.13142246E-06
  95.3000031  9.66494767E-07  4.21270294  4.07155535E-06
  95.4000015  9.51144913E-07  4.21864853  4.01254609E-06
  95.5  9.36038623E-07  4.22459488  3.95438397E-06
  95.5999985  9.21172037E-07  4.23054047  3.89705558E-06
  95.6999969  9.06541354E-07  4.23648605  3.8405498E-06
  95.8000031  8.92142833E-07  4.2424324  3.78485566E-06
  95.9000015  8.77972793E-07  4.24837837  3.72996063E-06
  96.  8.64027612E-07  4.25432434  3.6758537E-06
  96.0999985  8.50303724E-07  4.26026993  3.62252339E-06
  96.1999969  8.36797621E-07  4.26621628  3.56995963E-06
  96.3000031  8.23505849E-07  4.27216225  3.5181506E-06
  96.4000015  8.1042501E-07  4.27810822  3.46708589E-06
  96.5  7.97551759E-07  4.2840538  3.41675465E-06
  96.5999985  7.84882804E-07  4.28999977  3.36714705E-06
  96.6999969  7.72414906E-07  4.29594574  3.31825253E-06
  96.8000031  7.60144877E-07  4.30189209  3.27006124E-06
  96.9000015  7.4806958E-07  4.30783806  3.22256261E-06
  97.  7.36185925E-07  4.31378403  3.17574708E-06
  97.0999985  7.24490875E-07  4.31972961  3.12960469E-06
  97.1999969  7.12981438E-07  4.3256752  3.08412613E-06
  97.3000031  7.01654671E-07  4.33162155  3.0393025E-06
  97.4000015  6.90507677E-07  4.3375679  2.99512394E-06
  97.5  6.79537606E-07  4.34351349  2.95158076E-06
  97.5999985  6.68741652E-07  4.34945946  2.9086647E-06
  97.6999969  6.58117052E-07  4.35540543  2.86636658E-06
  97.8000031  6.47661091E-07  4.36135139  2.8246776E-06
  97.9000015  6.37371094E-07  4.36729736  2.7835891E-06
  98.  6.27244427E-07  4.37324295  2.74309227E-06
  98.0999985  6.17278502E-07  4.3791893  2.70317941E-06
  98.1999969  6.07470769E-07  4.38513489  2.66384126E-06
  98.3000031  5.9781872E-07  4.39108124  2.62507056E-06
  98.4000015  5.88319884E-07  4.39702682  2.58685831E-06
  98.5  5.78971832E-07  4.40297318  2.54919744E-06
  98.5999985  5.69772172E-07  4.40891876  2.51207922E-06
  98.6999969  5.60718552E-07  4.41486435  2.47549635E-06
  98.8000031  5.51808655E-07  4.4208107  2.4394416E-06
  98.9000015  5.430402E-07  4.42675705  2.40390703E-06
  99.  5.34410946E-07  4.43270264  2.36888481E-06
  99.0999985  5.25918683E-07  4.43864822  2.33436803E-06
  99.1999969  5.1756124E-07  4.44459457  2.30034988E-06
  99.3000031  5.09336477E-07  4.45054092  2.26682283E-06
  99.4000015  5.0124229E-07  4.45648651  2.2337795E-06
  99.5  4.93276608E-07  4.4624321  2.20121337E-06
  99.5999985  4.85437393E-07  4.46837845  2.16911799E-06
  99.6999969  4.77722638E-07  4.47432404  2.13748588E-06
  99.8000031  4.7013037E-07  4.48027039  2.10631117E-06
  99.9000015  4.62658645E-07  4.48621635  2.07558678E-06
  100.  4.55305551E-07  4.49216232  2.04530644E-06
